Eigvals	24
0.3510922155714822	0.2645303062634606	0.1687664853181767	0.13746010099258701	0.1096970913749363	0.077400774419188	0.07396881601347494	0.06365381177154164	0.051562445516636544	0.0405616005036177	0.036481100411618325	0.030185239144092796	0.02809500880991811	0.023387720154390966	0.017403129968195756	0.01630842428695529	0.012461045188778178	0.008372637742764321	0.003691620834575665	0.0	0.0	0.0	0.0	0.0

Proportion explained	24
0.23173186513114213	0.17459829223033088	0.11139116927087242	0.09072797450743227	0.07240351809679971	0.0510869367740266	0.04882173667235569	0.04201351061149568	0.03403282995279154	0.02677192748949994	0.024078669550278296	0.019923203808163127	0.01854358628202811	0.01543662824799594	0.011486611174461054	0.010764071117938891	0.008224680340402175	0.005526203299722966	0.0024365854422626182	0.0	0.0	0.0	0.0	0.0

Species	0	0

Site	24	24
PFF_Baseline_11	0.16660156116317165	-0.1843742286259245	-0.021404126481854243	-0.012774137881366858	0.0439981178866695	-0.01911887944628619	0.025669906409136915	0.04859696262096167	0.08521341436010249	0.0763795309573431	-0.019255559162272055	-0.00868412427640948	0.02347189954463387	-0.029160843826519924	-0.016408608735392394	0.015046620301326624	-0.004120424109794977	0.027236378625121696	0.009465098011979995	-0.0	0.0	0.0	0.0	0.0
PFF_Baseline_12	0.09142296191880377	0.06748557361263516	-0.08516902873973714	-0.03555503968028464	0.07669555765866122	0.08895740525821069	0.03027740795280144	0.00822953852608236	-0.08146181124654371	-0.02172533195929375	-0.02793410186457794	-0.028502055659991157	-0.0012206216081212114	0.056509768680551964	-0.036681950034008065	-0.017082444836321015	0.006537115023205642	0.0007847965006768925	-0.001739044862756598	-0.0	0.0	0.0	0.0	0.0
PFF_Baseline_13	-0.02037755397350152	0.11166362336395451	-0.18098459802297	-0.044890941975044646	0.13736034071113057	-0.025900678113574594	0.09376328544287699	0.005053050786803675	0.019193052934128547	0.02851299482473746	0.045967908366934235	0.011803975325720115	-0.006152740471931491	0.002925470240396201	0.008297531751898037	-0.00475954716937734	0.01121638939714157	-0.014580338652874841	-0.010496963865426485	-0.0	0.0	0.0	0.0	0.0
PFF_Baseline_14	-0.023810386784378013	-0.04606250652541614	-0.13016667000677903	0.10178605863718805	-0.06607221617258319	0.03833871172343511	0.047214848710032044	0.05275736983877027	-0.03099218921130605	0.0030366217463467736	0.036808454078808055	0.10282171957622675	-0.0012643851296111326	-0.006134421826320696	-0.011275826287782892	-0.00711486144161265	-0.03191624931427158	0.006052994760424904	0.011011216997407895	-0.0	0.0	0.0	0.0	0.0
PFF_Baseline_15	0.14737175872054437	-0.02254349164232211	-0.016159864337562977	0.03380485951545794	-0.04373028759264147	0.03586373360615515	-0.07425426081276452	0.021799472255284114	0.03387421713976414	0.02670239959951618	0.04217825534567234	-0.010002444766790578	0.02220120402779636	-0.007840439060396234	0.01180132303146059	-0.04962741648787944	0.062080566743988506	-0.025177546648924704	0.0026638825393207307	-0.0	0.0	0.0	0.0	0.0
PFF_Baseline_16	0.03917401813557925	-0.02923276241347349	-0.08594793298967605	-0.02653483144087548	-0.0688407889842552	0.06467462878355315	-0.016600467025848966	0.0305194847077309	0.011319899869917566	0.01622100755402258	-0.07973676411678247	-0.038829099475130545	0.03793590977198218	-0.03597675377708436	-0.01665843040532318	0.013715937131604287	-0.027377998261498403	-0.03498794603540984	-0.011769628975518408	-0.0	0.0	0.0	0.0	0.0
PFF_Baseline_17	0.04935875742936031	0.16651876548552802	0.007815892713661302	-0.0305721537711873	-0.027012175270639406	0.025672314622158913	-0.055883381159734985	-0.05511060852443426	0.026518033341050382	0.056430395650177455	0.016858957853307443	0.012049695604062095	-0.05616959841490163	-0.03385257356914197	0.008839186414518535	5.91223423887195e-05	-0.01917421811214589	0.02822632666988197	-0.029933557823458492	-0.0	0.0	0.0	0.0	0.0
PFF_Baseline_18	-0.01204601090111262	0.027575618933505304	0.029885251640619188	0.0026625430630979204	-0.009757644204050111	-0.018423569025740383	-0.04002487233791777	-0.005887651014657019	0.0028325481043890957	0.042049727067589415	-0.019794222986178577	-0.02112888137833099	-0.09578283253055114	0.014330950629486095	0.004663501286714566	-0.04752191253126534	-0.030874236523745116	-0.022017381314338464	0.02489311121384865	-0.0	0.0	0.0	0.0	0.0
PFF_Baseline_19	-0.09412741987385144	0.005407017191042551	-0.030749075859842708	-0.039224922189862295	-0.018582390957615363	0.07713855841010309	-0.12052190410554776	-0.007758484492656482	-0.048170204925293725	0.009068870686995271	0.023027164902941207	-0.015065479264087208	0.01965354064899623	0.018730427770676347	-0.03024736057561723	0.013094161875871962	0.008874595159051079	0.03664942372507089	0.0032446040014388763	-0.0	0.0	0.0	0.0	0.0
PFF_Baseline_1921	-0.1061248697125043	0.06509350727353842	0.060901351458454135	0.1318594669979854	0.03954549038491808	0.07576414929572635	-0.01032173694312549	-0.007336722668213772	0.029855958099071347	-0.01462269620583194	0.06038882063571566	-0.026415513714237338	-0.00895710599989937	-0.02779787195193437	-0.009316593912316633	0.04796101675644932	0.009103186018661228	-0.0051746668439516105	0.020355623934739237	-0.0	0.0	0.0	0.0	0.0
PFF_Baseline_1937	-0.12871064309623595	-0.2278283614893974	0.05881205222427852	-0.04430668048382604	-0.03912482466667453	0.06978290935379712	0.08474670687508971	-0.1320541472174095	0.026991233153087938	-0.010129755550520833	-0.02382640266492196	0.03598027805971672	-0.03226146378239982	0.0014603897992999906	-0.021774745748293644	-0.006161053120213726	0.029436906135945184	-0.005662015793451237	-0.006642041515919495	-0.0	0.0	0.0	0.0	0.0
PFF_Baseline_1942	-0.13895786730728682	0.00914600223076128	0.0634189921916138	-0.06345763032887176	-0.04124945437298543	-0.05225793770434991	-0.04738153847180806	0.10296645163953846	-0.03720294040697528	0.026963629575659825	-0.016999410681017048	0.05441305003364918	-0.028586364805582798	0.013314021102315358	-0.0004247936482254078	0.04938756176314715	0.029986329029113787	-0.027402612275179265	-0.0106088607940277	-0.0	0.0	0.0	0.0	0.0
PFF_Baseline_1943	0.2129709604711149	0.07238423200613184	0.2387237885805694	0.0034543416145929704	0.11822288294737633	-0.019351608158519516	0.02531276211424788	0.022521274688953714	-0.018163757609988486	0.0023765502909753795	-0.02559417582968505	0.04008667037323282	0.007534952606433317	0.0028019844320180264	-0.03658072639438419	-0.0028895235496315228	0.00014539126515940396	0.003308364653814813	0.0011646528597423315	-0.0	0.0	0.0	0.0	0.0
PFF_Baseline_1944	0.21815659176843474	-0.13694882671812947	-0.0255353545035891	-0.025604434986873256	0.04297259838472898	-0.04122323075874067	-0.10032619704037274	-0.05020890946167795	-0.0026088105046383862	-0.09062988754077117	0.04596236759078435	0.03669752536262747	0.009858614313339403	-0.0011116483599105196	0.019387147421398247	0.0025460679679887898	-0.02082918932768912	-0.013364164978655104	-0.008047734921125932	-0.0	0.0	0.0	0.0	0.0
PFF_Baseline_1946	-0.13736922490432374	0.040441678561162035	0.13238358046584453	0.11811841495480735	0.004346184222697807	0.013538563357761763	0.050203131969506876	0.0062197443944451095	-0.042258412779207354	0.0012165353631377468	0.028605911923104105	-0.024784026256472715	0.04742884649973925	-0.03686429484087267	0.009451048367399843	-0.03461669106249059	-0.018304389268481776	-0.011785606947157719	-0.018865001683912138	-0.0	0.0	0.0	0.0	0.0
PFF_Baseline_25	-0.016159398227775484	0.23417337795808518	-0.06224266734807366	-0.028906666683801627	-0.05858982739434975	-0.11352670972837509	0.016209083782806756	-0.08376310588313894	0.03303187850411937	-0.022010379988256248	-0.012520060310800003	0.003321518333290266	0.029202051185064623	-0.018866987005698475	-0.0335915700545317	0.01070879911670962	0.01942052328798123	-0.002721801142744057	0.013096439687371229	-0.0	0.0	0.0	0.0	0.0
PFF_Baseline_26	0.10580603727411407	-0.014292513831852703	0.031812840823588304	0.02983349878148278	-0.14413758731709414	-0.07651937249211162	0.03810705384938627	-0.05232370543033895	-0.0741427038508668	0.05748464086349908	0.009136995616892091	-0.007943764869765906	0.04212649183329307	0.040674036389835314	0.01602310764510556	0.0010337801533416731	-0.00506329049034333	0.00920919411221115	0.004604133301683525	-0.0	0.0	0.0	0.0	0.0
PFF_Baseline_27	-0.06777387237006952	0.020401716976210384	0.05933601422453359	-0.11736624936988782	-0.10503526188762047	-0.012032461015750135	0.050661202107023656	0.10350554417891637	0.07853210688428264	-0.07754073261513557	0.039583600369062166	-0.024508794479976025	-0.004515304247818491	0.022698367204223042	-0.014410593203130474	-0.031028706625084005	-0.007514720030822278	0.019546393000349806	-0.00438510169048696	-0.0	0.0	0.0	0.0	0.0
PFF_Baseline_28	0.129222792281504	0.03003914554965297	0.045237949738446796	-0.1257144516056638	-0.028463767640576017	0.061512527864490414	0.06557716988829028	-0.015607422712776691	-0.01768433627674825	-0.020497584365290703	0.026528436682435107	-0.032826470228452566	-0.007882197770127232	-0.0022751205872692773	0.05049228304016828	0.04828013439882478	-0.017046621252819697	-0.012126419491542811	0.01140058181103421	-0.0	0.0	0.0	0.0	0.0
PFF_Baseline_30	0.08453594676563732	-0.09440818126121221	-0.06618755316966451	0.1281412338598034	-0.013773330999182001	-0.07186888013498739	0.037823995633597896	0.03630905729493624	-0.059837781610315846	-0.051527030905373715	-0.028176052741338328	-0.05337857136428408	-0.06582375646544047	-0.03134009271210452	0.011049852015797617	0.012365361189237688	0.02995703200128056	0.022275972628376238	-0.007979289193754973	-0.0	0.0	0.0	0.0	0.0
PFF_Baseline_32	-0.1911813404354016	-0.10670476519664117	0.010832451198409865	-0.0676343039290391	0.09310710908043662	-0.03512562559623738	-0.005108628058214107	0.0013486284997651413	-0.015189864715223104	0.04692771244387034	0.013555657153351098	-0.017426927800569827	0.02563144641068581	0.022506338100126654	0.050933798431235335	-0.0070779561913957	0.004087443009152011	0.012522986725340513	0.002434013313759263	-0.0	0.0	0.0	0.0	0.0
PFF_Baseline_35	-0.06502341234816439	-0.023815024000183257	-0.010272514964177746	0.15124928244275232	0.0252912999773772	-0.03709575098521372	-0.029866755719559126	-0.02044575994756624	0.08857703882732172	-0.009292186892200849	-0.019419869566402737	-0.02067074429288857	0.004875218375702811	0.08756680955032706	-0.004606726426932934	0.02395329796757473	-0.020596141090108638	-0.008614544812574539	-0.011584170848824227	-0.0	0.0	0.0	0.0	0.0
PFF_Baseline_36	-0.1927425067916915	-0.08642563401211054	-0.01917883914225555	-0.07125122528903402	0.06597193142248843	-0.07805292694712615	-0.0486307722213621	-0.015226130453795055	-0.03684891189731303	-0.029014660652507275	-0.013449109353029818	-0.013181576824332382	0.014783350864031207	-0.04694190232866027	-0.024615621484461298	-0.014363128219693953	-0.02007303640733928	-0.00234638224235579	0.00870464779082323	-0.0	0.0	0.0	0.0	0.0
PFF_Baseline_37	-0.0502168792019683	0.12230603657445493	-0.0051619396938360155	0.03288396974845087	0.016858044783781924	0.04925412783162078	-0.01664604083854094	0.005896068374475558	0.028622343817183985	-0.04638036994868936	-0.10189680124200273	0.046174041983194726	0.023912845144687337	-0.005355614053341912	0.06565476750470221	-0.015908619729500688	0.012045037118377054	0.020148595777891798	0.009013390712065533	-0.0	0.0	0.0	0.0	0.0

Biplot	0	0

Site constraints	0	0
