Eigvals	129
131.40391873756582	129.8819912827875	3.6072160786374106	0.0	0.0	0.0	0.0	0.0	0.0	0.0	0.0	0.0	0.0	0.0	0.0	0.0	0.0	0.0	0.0	0.0	0.0	0.0	0.0	0.0	0.0	0.0	0.0	0.0	0.0	0.0	0.0	0.0	0.0	0.0	0.0	0.0	0.0	0.0	0.0	0.0	0.0	0.0	0.0	0.0	0.0	0.0	0.0	0.0	0.0	0.0	0.0	0.0	0.0	0.0	0.0	0.0	0.0	0.0	0.0	0.0	0.0	0.0	0.0	0.0	0.0	0.0	0.0	0.0	0.0	0.0	0.0	0.0	0.0	0.0	0.0	0.0	0.0	0.0	0.0	0.0	0.0	0.0	0.0	0.0	0.0	0.0	0.0	0.0	0.0	0.0	0.0	0.0	0.0	0.0	0.0	0.0	0.0	0.0	0.0	0.0	0.0	0.0	0.0	0.0	0.0	0.0	0.0	0.0	0.0	0.0	0.0	0.0	0.0	0.0	0.0	0.0	0.0	0.0	0.0	0.0	0.0	0.0	0.0	0.0	0.0	0.0	0.0	0.0	0.0

Proportion explained	129
0.4960639057446138	0.49031846615095076	0.013617628104435568	0.0	0.0	0.0	0.0	0.0	0.0	0.0	0.0	0.0	0.0	0.0	0.0	0.0	0.0	0.0	0.0	0.0	0.0	0.0	0.0	0.0	0.0	0.0	0.0	0.0	0.0	0.0	0.0	0.0	0.0	0.0	0.0	0.0	0.0	0.0	0.0	0.0	0.0	0.0	0.0	0.0	0.0	0.0	0.0	0.0	0.0	0.0	0.0	0.0	0.0	0.0	0.0	0.0	0.0	0.0	0.0	0.0	0.0	0.0	0.0	0.0	0.0	0.0	0.0	0.0	0.0	0.0	0.0	0.0	0.0	0.0	0.0	0.0	0.0	0.0	0.0	0.0	0.0	0.0	0.0	0.0	0.0	0.0	0.0	0.0	0.0	0.0	0.0	0.0	0.0	0.0	0.0	0.0	0.0	0.0	0.0	0.0	0.0	0.0	0.0	0.0	0.0	0.0	0.0	0.0	0.0	0.0	0.0	0.0	0.0	0.0	0.0	0.0	0.0	0.0	0.0	0.0	0.0	0.0	0.0	0.0	0.0	0.0	0.0	0.0	0.0

Species	0	0

Site	129	129
PFF_Jejunum_32	-1.7453836230888096	-0.03126109302642372	-0.14662833610486894	0.0	0.0	0.0	0.0	0.0	0.0	0.0	0.0	0.0	0.0	0.0	0.0	0.0	0.0	0.0	0.0	0.0	0.0	0.0	0.0	0.0	0.0	0.0	0.0	0.0	0.0	0.0	0.0	0.0	0.0	0.0	0.0	0.0	0.0	0.0	0.0	0.0	0.0	0.0	0.0	0.0	0.0	0.0	0.0	0.0	0.0	0.0	0.0	0.0	0.0	0.0	0.0	0.0	0.0	0.0	0.0	0.0	0.0	0.0	0.0	0.0	0.0	0.0	0.0	0.0	0.0	0.0	0.0	0.0	0.0	0.0	0.0	0.0	0.0	0.0	0.0	0.0	0.0	0.0	0.0	0.0	0.0	0.0	0.0	0.0	0.0	0.0	0.0	0.0	0.0	0.0	0.0	0.0	0.0	0.0	0.0	0.0	0.0	0.0	0.0	0.0	0.0	0.0	0.0	0.0	0.0	0.0	0.0	0.0	0.0	0.0	0.0	0.0	0.0	0.0	0.0	0.0	0.0	0.0	0.0	0.0	0.0	0.0	0.0	0.0	0.0
PFF_Colon_1937	-0.3346746313192497	-0.932352294544531	0.08514357994891435	0.0	0.0	0.0	-0.0	-0.0	0.0	0.0	0.0	-0.0	0.0	0.0	-0.0	-0.0	0.0	-0.0	-0.0	-0.0	-0.0	-0.0	0.0	0.0	-0.0	0.0	-0.0	0.0	-0.0	-0.0	0.0	0.0	-0.0	-0.0	0.0	-0.0	0.0	0.0	0.0	0.0	-0.0	-0.0	-0.0	0.0	-0.0	0.0	0.0	-0.0	-0.0	-0.0	0.0	0.0	-0.0	0.0	-0.0	0.0	0.0	0.0	0.0	-0.0	0.0	0.0	0.0	-0.0	-0.0	0.0	-0.0	-0.0	0.0	0.0	-0.0	0.0	-0.0	0.0	-0.0	0.0	0.0	-0.0	0.0	0.0	0.0	0.0	-0.0	-0.0	0.0	0.0	0.0	-0.0	0.0	0.0	-0.0	0.0	0.0	0.0	-0.0	-0.0	0.0	0.0	0.0	0.0	-0.0	0.0	0.0	0.0	0.0	0.0	-0.0	-0.0	0.0	0.0	-0.0	0.0	0.0	-0.0	-0.0	0.0	-0.0	0.0	0.0	0.0	-0.0	-0.0	-0.0	-0.0	-0.0	-0.0	0.0	0.0	-0.0
PFF_Cecum_16	0.9852751031316029	-1.0031288923634878	-0.007200424890171856	-0.0	-0.0	0.0	0.0	0.0	-0.0	-0.0	-0.0	-0.0	0.0	0.0	0.0	-0.0	-0.0	-0.0	0.0	-0.0	-0.0	0.0	-0.0	-0.0	0.0	-0.0	0.0	0.0	-0.0	0.0	0.0	-0.0	0.0	-0.0	0.0	-0.0	-0.0	0.0	-0.0	-0.0	-0.0	-0.0	-0.0	0.0	-0.0	0.0	0.0	-0.0	0.0	-0.0	0.0	-0.0	0.0	0.0	-0.0	0.0	0.0	-0.0	-0.0	-0.0	0.0	-0.0	-0.0	-0.0	0.0	-0.0	0.0	-0.0	-0.0	-0.0	-0.0	-0.0	-0.0	0.0	0.0	-0.0	0.0	-0.0	-0.0	0.0	0.0	0.0	-0.0	0.0	-0.0	-0.0	0.0	0.0	0.0	-0.0	-0.0	-0.0	0.0	-0.0	-0.0	-0.0	-0.0	-0.0	-0.0	-0.0	-0.0	-0.0	-0.0	0.0	-0.0	0.0	0.0	0.0	0.0	0.0	-0.0	0.0	0.0	-0.0	-0.0	-0.0	0.0	-0.0	0.0	-0.0	0.0	0.0	-0.0	0.0	0.0	0.0	-0.0	-0.0	0.0
PFF_Cecum_1943	0.5370956614689143	-1.254271412463529	-0.15038802072959087	0.0	-0.0	0.0	-0.0	0.0	-0.0	-0.0	0.0	-0.0	0.0	0.0	-0.0	0.0	-0.0	-0.0	-0.0	-0.0	0.0	0.0	-0.0	-0.0	0.0	-0.0	-0.0	-0.0	0.0	0.0	0.0	-0.0	-0.0	0.0	-0.0	-0.0	-0.0	0.0	0.0	0.0	-0.0	-0.0	-0.0	-0.0	0.0	-0.0	0.0	-0.0	-0.0	0.0	0.0	-0.0	0.0	-0.0	0.0	0.0	-0.0	-0.0	-0.0	-0.0	0.0	-0.0	-0.0	-0.0	0.0	0.0	0.0	0.0	-0.0	0.0	0.0	0.0	0.0	-0.0	0.0	0.0	-0.0	0.0	-0.0	0.0	-0.0	-0.0	-0.0	-0.0	-0.0	-0.0	0.0	0.0	-0.0	0.0	-0.0	0.0	-0.0	0.0	0.0	-0.0	-0.0	-0.0	-0.0	-0.0	0.0	0.0	-0.0	-0.0	0.0	0.0	-0.0	-0.0	0.0	-0.0	-0.0	0.0	0.0	0.0	0.0	-0.0	-0.0	-0.0	0.0	-0.0	-0.0	-0.0	0.0	-0.0	0.0	-0.0	0.0	-0.0	0.0
PFF_Jejunum_37	-1.6990008062987805	-0.3423250232688833	0.07288850273223627	-0.0	0.0	0.0	0.0	-0.0	0.0	0.0	0.0	-0.0	-0.0	-0.0	-0.0	0.0	-0.0	0.0	-0.0	0.0	-0.0	0.0	-0.0	-0.0	0.0	0.0	-0.0	-0.0	0.0	0.0	-0.0	0.0	0.0	0.0	0.0	-0.0	-0.0	-0.0	-0.0	0.0	0.0	0.0	0.0	-0.0	-0.0	0.0	0.0	0.0	-0.0	0.0	-0.0	-0.0	0.0	-0.0	0.0	-0.0	-0.0	-0.0	-0.0	-0.0	-0.0	-0.0	0.0	0.0	0.0	-0.0	-0.0	0.0	-0.0	-0.0	-0.0	-0.0	0.0	-0.0	0.0	-0.0	-0.0	0.0	0.0	-0.0	-0.0	0.0	0.0	-0.0	-0.0	-0.0	0.0	-0.0	0.0	-0.0	-0.0	-0.0	0.0	-0.0	-0.0	-0.0	-0.0	0.0	0.0	-0.0	0.0	-0.0	0.0	-0.0	0.0	-0.0	-0.0	0.0	-0.0	-0.0	-0.0	0.0	-0.0	0.0	0.0	-0.0	0.0	0.0	-0.0	-0.0	-0.0	0.0	0.0	0.0	0.0	-0.0	-0.0	0.0	-0.0
PFF_Jejunum_16	-0.518313981622027	-1.7478808673856028	-0.02268216793232296	-0.0	0.0	0.0	0.0	-0.0	-0.0	0.0	-0.0	-0.0	0.0	0.0	-0.0	-0.0	-0.0	-0.0	0.0	-0.0	0.0	-0.0	-0.0	-0.0	0.0	0.0	-0.0	-0.0	-0.0	0.0	-0.0	0.0	0.0	-0.0	0.0	0.0	0.0	-0.0	-0.0	-0.0	-0.0	0.0	-0.0	0.0	0.0	-0.0	-0.0	-0.0	-0.0	0.0	-0.0	-0.0	0.0	0.0	0.0	-0.0	-0.0	-0.0	0.0	0.0	-0.0	0.0	-0.0	-0.0	-0.0	0.0	0.0	-0.0	0.0	0.0	-0.0	-0.0	0.0	-0.0	-0.0	0.0	0.0	0.0	-0.0	0.0	-0.0	-0.0	0.0	0.0	-0.0	0.0	-0.0	-0.0	0.0	-0.0	-0.0	0.0	0.0	0.0	0.0	-0.0	0.0	0.0	-0.0	0.0	-0.0	-0.0	-0.0	-0.0	-0.0	-0.0	0.0	0.0	-0.0	-0.0	0.0	-0.0	0.0	-0.0	0.0	0.0	-0.0	-0.0	-0.0	-0.0	0.0	0.0	0.0	0.0	0.0	-0.0	0.0	-0.0	-0.0
PFF_Jejunum_19	-1.0059014732199707	0.05962814614795151	-0.1515662219857008	-0.0	-0.0	-0.0	0.0	0.0	-0.0	0.0	-0.0	-0.0	0.0	0.0	0.0	-0.0	-0.0	-0.0	0.0	0.0	0.0	0.0	-0.0	0.0	-0.0	0.0	0.0	-0.0	0.0	0.0	0.0	0.0	-0.0	-0.0	0.0	0.0	0.0	-0.0	-0.0	-0.0	-0.0	0.0	0.0	-0.0	-0.0	0.0	0.0	-0.0	0.0	0.0	-0.0	-0.0	0.0	-0.0	-0.0	0.0	-0.0	0.0	-0.0	0.0	-0.0	-0.0	-0.0	-0.0	-0.0	-0.0	-0.0	-0.0	0.0	0.0	-0.0	-0.0	0.0	0.0	0.0	-0.0	0.0	-0.0	-0.0	-0.0	-0.0	0.0	0.0	-0.0	-0.0	-0.0	-0.0	-0.0	-0.0	0.0	0.0	-0.0	0.0	-0.0	-0.0	-0.0	0.0	0.0	-0.0	0.0	-0.0	0.0	-0.0	0.0	-0.0	0.0	0.0	0.0	-0.0	0.0	-0.0	-0.0	0.0	-0.0	-0.0	-0.0	0.0	0.0	0.0	0.0	0.0	0.0	-0.0	0.0	0.0	0.0	-0.0	-0.0	-0.0
PFF_Baseline_19	-0.3083474371775024	1.9187703517501973	-0.0973304851164413	0.0	-0.0	0.0	-0.0	-0.0	-0.0	0.0	-0.0	0.0	-0.0	0.0	0.0	0.0	0.0	-0.0	-0.0	0.0	-0.0	0.0	-0.0	0.0	0.0	0.0	0.0	-0.0	-0.0	0.0	0.0	-0.0	-0.0	0.0	0.0	-0.0	-0.0	-0.0	0.0	-0.0	0.0	-0.0	-0.0	0.0	0.0	-0.0	-0.0	-0.0	-0.0	-0.0	0.0	0.0	0.0	-0.0	-0.0	-0.0	-0.0	0.0	-0.0	-0.0	0.0	-0.0	-0.0	-0.0	0.0	0.0	-0.0	-0.0	0.0	0.0	-0.0	-0.0	0.0	0.0	-0.0	-0.0	0.0	0.0	-0.0	0.0	-0.0	-0.0	-0.0	0.0	0.0	0.0	-0.0	0.0	-0.0	-0.0	-0.0	-0.0	0.0	-0.0	-0.0	-0.0	-0.0	-0.0	-0.0	0.0	-0.0	0.0	0.0	-0.0	-0.0	0.0	0.0	-0.0	-0.0	-0.0	0.0	0.0	0.0	0.0	-0.0	-0.0	-0.0	0.0	-0.0	-0.0	0.0	-0.0	-0.0	-0.0	-0.0	-0.0	0.0	-0.0	-0.0
PFF_Jejunum_21	-0.5561827260193047	-0.7270720829494178	-0.023760778753536476	0.0	0.0	-0.0	-0.0	0.0	0.0	-0.0	0.0	-0.0	-0.0	-0.0	0.0	-0.0	-0.0	-0.0	0.0	0.0	-0.0	0.0	0.0	0.0	0.0	0.0	-0.0	-0.0	0.0	0.0	0.0	-0.0	0.0	0.0	-0.0	0.0	0.0	-0.0	-0.0	0.0	-0.0	0.0	0.0	0.0	-0.0	0.0	-0.0	0.0	-0.0	-0.0	0.0	-0.0	0.0	0.0	-0.0	0.0	0.0	-0.0	-0.0	-0.0	-0.0	0.0	-0.0	0.0	-0.0	-0.0	-0.0	0.0	0.0	0.0	-0.0	0.0	-0.0	-0.0	0.0	0.0	-0.0	-0.0	0.0	0.0	0.0	-0.0	-0.0	0.0	-0.0	-0.0	0.0	0.0	-0.0	-0.0	0.0	-0.0	0.0	0.0	0.0	0.0	0.0	0.0	-0.0	0.0	-0.0	0.0	0.0	-0.0	0.0	0.0	0.0	0.0	-0.0	0.0	-0.0	-0.0	0.0	-0.0	-0.0	0.0	-0.0	-0.0	0.0	0.0	-0.0	0.0	0.0	-0.0	0.0	0.0	0.0	0.0	-0.0
PFF_Jejunum_1910	-2.183054527918793	0.4285659002012528	0.040634034411444524	-0.0	-0.0	0.0	-0.0	-0.0	0.0	0.0	-0.0	0.0	0.0	-0.0	0.0	0.0	-0.0	0.0	-0.0	-0.0	0.0	0.0	0.0	-0.0	-0.0	-0.0	-0.0	0.0	-0.0	0.0	0.0	0.0	0.0	0.0	-0.0	0.0	-0.0	0.0	0.0	-0.0	0.0	0.0	0.0	0.0	0.0	0.0	0.0	0.0	0.0	0.0	-0.0	-0.0	0.0	0.0	-0.0	0.0	0.0	0.0	0.0	-0.0	0.0	0.0	-0.0	0.0	0.0	-0.0	0.0	0.0	0.0	0.0	-0.0	0.0	0.0	-0.0	0.0	-0.0	0.0	0.0	-0.0	-0.0	0.0	-0.0	-0.0	-0.0	-0.0	0.0	0.0	-0.0	0.0	-0.0	0.0	0.0	-0.0	-0.0	-0.0	-0.0	-0.0	-0.0	0.0	-0.0	0.0	0.0	0.0	0.0	-0.0	0.0	-0.0	0.0	-0.0	0.0	-0.0	0.0	-0.0	-0.0	-0.0	-0.0	0.0	0.0	-0.0	0.0	-0.0	0.0	-0.0	0.0	-0.0	0.0	-0.0	0.0	0.0
PFF_Cecum_12	1.2503572333396007	-0.29226399975720846	0.2837702992168953	0.0	-0.0	-0.0	-0.0	0.0	0.0	0.0	-0.0	0.0	0.0	0.0	-0.0	0.0	0.0	-0.0	-0.0	-0.0	0.0	-0.0	-0.0	0.0	0.0	-0.0	0.0	-0.0	-0.0	0.0	-0.0	0.0	0.0	-0.0	0.0	0.0	-0.0	0.0	0.0	-0.0	0.0	-0.0	0.0	0.0	-0.0	-0.0	-0.0	0.0	0.0	0.0	-0.0	0.0	-0.0	0.0	-0.0	-0.0	0.0	-0.0	0.0	-0.0	0.0	-0.0	0.0	0.0	0.0	0.0	-0.0	-0.0	-0.0	-0.0	0.0	-0.0	-0.0	-0.0	0.0	-0.0	0.0	-0.0	-0.0	0.0	0.0	0.0	0.0	-0.0	0.0	0.0	-0.0	-0.0	-0.0	-0.0	0.0	-0.0	0.0	-0.0	0.0	-0.0	0.0	0.0	0.0	0.0	-0.0	-0.0	-0.0	-0.0	-0.0	0.0	0.0	0.0	0.0	-0.0	0.0	0.0	-0.0	0.0	-0.0	0.0	-0.0	0.0	-0.0	0.0	0.0	-0.0	0.0	0.0	0.0	-0.0	-0.0	-0.0	-0.0
PFF_Colon_12	1.2157988518726837	-0.4959095465056387	0.1615485300457635	-0.0	0.0	0.0	0.0	-0.0	0.0	-0.0	-0.0	-0.0	0.0	0.0	0.0	-0.0	0.0	-0.0	-0.0	0.0	0.0	-0.0	-0.0	0.0	-0.0	0.0	-0.0	0.0	0.0	0.0	-0.0	-0.0	0.0	-0.0	0.0	0.0	0.0	-0.0	-0.0	0.0	0.0	0.0	-0.0	-0.0	0.0	-0.0	-0.0	0.0	-0.0	-0.0	0.0	-0.0	-0.0	-0.0	-0.0	0.0	0.0	-0.0	-0.0	-0.0	-0.0	0.0	0.0	-0.0	-0.0	-0.0	-0.0	-0.0	-0.0	-0.0	0.0	0.0	0.0	0.0	-0.0	0.0	0.0	0.0	-0.0	-0.0	0.0	0.0	-0.0	0.0	-0.0	-0.0	0.0	0.0	-0.0	-0.0	0.0	0.0	0.0	-0.0	-0.0	-0.0	-0.0	-0.0	0.0	0.0	-0.0	0.0	-0.0	-0.0	-0.0	-0.0	-0.0	-0.0	0.0	-0.0	0.0	0.0	-0.0	0.0	-0.0	-0.0	-0.0	-0.0	-0.0	-0.0	-0.0	-0.0	-0.0	-0.0	0.0	-0.0	-0.0	0.0	-0.0
PFF_Cecum_1921	0.5530153399046654	-0.6509964945019514	-0.0605310795498807	0.0	-0.0	-0.0	0.0	-0.0	-0.0	-0.0	-0.0	-0.0	-0.0	-0.0	-0.0	0.0	-0.0	-0.0	0.0	0.0	0.0	0.0	-0.0	0.0	0.0	0.0	0.0	0.0	-0.0	0.0	-0.0	0.0	-0.0	0.0	0.0	0.0	0.0	0.0	-0.0	0.0	0.0	0.0	0.0	0.0	0.0	0.0	0.0	-0.0	0.0	0.0	-0.0	0.0	0.0	-0.0	-0.0	0.0	0.0	-0.0	0.0	-0.0	0.0	-0.0	0.0	0.0	-0.0	0.0	-0.0	-0.0	-0.0	-0.0	-0.0	0.0	0.0	-0.0	0.0	0.0	-0.0	0.0	0.0	-0.0	-0.0	-0.0	0.0	-0.0	0.0	0.0	-0.0	0.0	0.0	0.0	0.0	-0.0	0.0	-0.0	0.0	-0.0	0.0	0.0	-0.0	-0.0	-0.0	0.0	-0.0	-0.0	-0.0	-0.0	-0.0	-0.0	-0.0	-0.0	-0.0	-0.0	0.0	0.0	0.0	0.0	0.0	-0.0	-0.0	0.0	-0.0	0.0	0.0	0.0	-0.0	0.0	-0.0	-0.0	-0.0
PFF_Jejunum_1946	-0.8961487742244754	0.6366122175064105	-0.013936781826410317	0.0	0.0	0.0	-0.0	-0.0	-0.0	-0.0	0.0	0.0	-0.0	0.0	-0.0	0.0	0.0	-0.0	-0.0	0.0	-0.0	0.0	0.0	-0.0	0.0	0.0	-0.0	0.0	-0.0	-0.0	-0.0	-0.0	0.0	-0.0	-0.0	0.0	0.0	0.0	-0.0	-0.0	0.0	-0.0	-0.0	-0.0	0.0	0.0	0.0	-0.0	-0.0	-0.0	0.0	-0.0	-0.0	-0.0	-0.0	-0.0	0.0	-0.0	0.0	0.0	-0.0	0.0	0.0	-0.0	-0.0	-0.0	0.0	-0.0	0.0	-0.0	-0.0	-0.0	0.0	0.0	0.0	-0.0	-0.0	-0.0	0.0	0.0	0.0	-0.0	-0.0	-0.0	-0.0	-0.0	-0.0	-0.0	0.0	0.0	0.0	-0.0	0.0	-0.0	-0.0	-0.0	-0.0	-0.0	0.0	0.0	-0.0	0.0	-0.0	-0.0	0.0	0.0	-0.0	-0.0	-0.0	-0.0	-0.0	-0.0	0.0	-0.0	0.0	0.0	-0.0	-0.0	0.0	0.0	0.0	-0.0	0.0	-0.0	-0.0	0.0	0.0	0.0	-0.0
PFF_Jejunum_1938	-0.7990207990025107	0.3753249475877196	0.16080022479727063	-0.0	-0.0	-0.0	-0.0	-0.0	0.0	-0.0	-0.0	0.0	0.0	0.0	0.0	-0.0	0.0	-0.0	0.0	-0.0	-0.0	-0.0	0.0	-0.0	-0.0	0.0	0.0	0.0	-0.0	0.0	0.0	0.0	-0.0	-0.0	-0.0	0.0	0.0	-0.0	-0.0	-0.0	-0.0	-0.0	-0.0	-0.0	-0.0	-0.0	0.0	0.0	-0.0	0.0	0.0	0.0	-0.0	0.0	-0.0	-0.0	0.0	-0.0	0.0	-0.0	-0.0	0.0	-0.0	-0.0	-0.0	0.0	-0.0	0.0	-0.0	-0.0	0.0	0.0	-0.0	-0.0	-0.0	-0.0	-0.0	0.0	0.0	-0.0	0.0	0.0	0.0	-0.0	0.0	0.0	0.0	0.0	-0.0	-0.0	0.0	0.0	0.0	-0.0	0.0	-0.0	0.0	-0.0	0.0	0.0	0.0	-0.0	-0.0	-0.0	-0.0	0.0	0.0	-0.0	0.0	-0.0	0.0	0.0	-0.0	-0.0	0.0	0.0	0.0	-0.0	0.0	0.0	0.0	-0.0	-0.0	0.0	0.0	-0.0	-0.0	-0.0	-0.0
PFF_Colon_1910	-0.03824746066792406	0.9532261279683184	-0.11561701806301289	0.0	0.0	0.0	0.0	0.0	-0.0	-0.0	0.0	-0.0	-0.0	0.0	0.0	0.0	-0.0	-0.0	0.0	-0.0	0.0	0.0	-0.0	-0.0	0.0	-0.0	0.0	-0.0	-0.0	-0.0	0.0	-0.0	0.0	-0.0	-0.0	0.0	0.0	0.0	-0.0	0.0	0.0	0.0	0.0	-0.0	0.0	-0.0	-0.0	0.0	-0.0	-0.0	0.0	0.0	-0.0	-0.0	0.0	-0.0	-0.0	0.0	-0.0	0.0	-0.0	-0.0	0.0	-0.0	0.0	0.0	0.0	0.0	-0.0	0.0	-0.0	-0.0	-0.0	0.0	-0.0	-0.0	0.0	0.0	0.0	0.0	0.0	-0.0	0.0	-0.0	-0.0	0.0	-0.0	-0.0	-0.0	-0.0	0.0	-0.0	0.0	0.0	-0.0	0.0	0.0	0.0	-0.0	-0.0	0.0	0.0	-0.0	0.0	-0.0	-0.0	0.0	-0.0	0.0	0.0	-0.0	-0.0	-0.0	-0.0	0.0	0.0	-0.0	0.0	0.0	-0.0	0.0	0.0	-0.0	-0.0	-0.0	-0.0	0.0	-0.0	-0.0
PFF_Cecum_1945	0.7960859650780203	-0.29415501389389936	-0.04675937857426621	-0.0	0.0	0.0	-0.0	-0.0	-0.0	-0.0	-0.0	-0.0	0.0	-0.0	-0.0	0.0	0.0	0.0	0.0	-0.0	0.0	-0.0	-0.0	0.0	-0.0	-0.0	0.0	0.0	0.0	0.0	0.0	0.0	0.0	-0.0	-0.0	0.0	-0.0	0.0	-0.0	-0.0	0.0	0.0	-0.0	0.0	0.0	0.0	0.0	0.0	0.0	-0.0	-0.0	0.0	-0.0	-0.0	0.0	0.0	0.0	0.0	0.0	-0.0	-0.0	0.0	-0.0	-0.0	-0.0	0.0	0.0	0.0	0.0	0.0	-0.0	0.0	-0.0	-0.0	-0.0	-0.0	-0.0	-0.0	0.0	-0.0	-0.0	-0.0	-0.0	0.0	-0.0	-0.0	0.0	0.0	-0.0	-0.0	0.0	-0.0	-0.0	0.0	-0.0	0.0	-0.0	-0.0	0.0	-0.0	-0.0	0.0	-0.0	-0.0	-0.0	-0.0	-0.0	0.0	0.0	0.0	-0.0	0.0	-0.0	0.0	-0.0	0.0	-0.0	0.0	-0.0	-0.0	-0.0	-0.0	0.0	0.0	0.0	0.0	-0.0	-0.0	0.0
PFF_Cecum_35	0.8832853667975976	-0.22374870569848063	0.049388804146690286	0.0	-0.0	-0.0	0.0	0.0	0.0	-0.0	0.0	0.0	-0.0	0.0	-0.0	-0.0	-0.0	0.0	-0.0	0.0	-0.0	0.0	0.0	-0.0	-0.0	0.0	0.0	-0.0	0.0	-0.0	-0.0	-0.0	0.0	-0.0	0.0	0.0	-0.0	-0.0	-0.0	0.0	0.0	-0.0	-0.0	0.0	0.0	0.0	0.0	0.0	-0.0	-0.0	0.0	-0.0	-0.0	0.0	0.0	0.0	-0.0	-0.0	-0.0	0.0	-0.0	-0.0	0.0	-0.0	-0.0	-0.0	0.0	0.0	-0.0	0.0	-0.0	-0.0	-0.0	-0.0	-0.0	0.0	-0.0	0.0	0.0	0.0	0.0	0.0	-0.0	-0.0	0.0	-0.0	0.0	0.0	-0.0	-0.0	0.0	0.0	0.0	-0.0	-0.0	-0.0	-0.0	0.0	-0.0	0.0	-0.0	0.0	0.0	0.0	0.0	-0.0	0.0	-0.0	0.0	-0.0	-0.0	0.0	-0.0	-0.0	0.0	0.0	0.0	0.0	0.0	0.0	-0.0	-0.0	-0.0	-0.0	-0.0	0.0	-0.0	-0.0	0.0
PFF_Baseline_1944	0.7347982178586	1.4826835798341849	0.0982805735466817	0.0	-0.0	-0.0	-0.0	-0.0	-0.0	-0.0	-0.0	0.0	-0.0	-0.0	0.0	-0.0	0.0	-0.0	-0.0	0.0	-0.0	-0.0	0.0	0.0	-0.0	0.0	0.0	0.0	0.0	0.0	0.0	0.0	-0.0	0.0	0.0	-0.0	-0.0	-0.0	0.0	0.0	-0.0	0.0	0.0	-0.0	0.0	-0.0	-0.0	0.0	0.0	-0.0	0.0	0.0	0.0	0.0	-0.0	0.0	-0.0	0.0	0.0	0.0	0.0	0.0	-0.0	-0.0	-0.0	-0.0	-0.0	0.0	0.0	0.0	0.0	0.0	0.0	-0.0	-0.0	0.0	-0.0	0.0	0.0	0.0	-0.0	0.0	-0.0	-0.0	0.0	-0.0	-0.0	0.0	0.0	0.0	-0.0	-0.0	0.0	-0.0	0.0	0.0	0.0	0.0	0.0	-0.0	-0.0	-0.0	-0.0	-0.0	-0.0	0.0	0.0	-0.0	-0.0	0.0	0.0	-0.0	0.0	-0.0	0.0	-0.0	-0.0	-0.0	0.0	0.0	-0.0	-0.0	0.0	0.0	-0.0	0.0	-0.0	-0.0	-0.0
PFF_Colon_1945	0.04258086085698655	0.6353092774134591	0.011056692793987605	0.0	-0.0	0.0	0.0	-0.0	-0.0	0.0	0.0	0.0	0.0	-0.0	0.0	-0.0	-0.0	-0.0	-0.0	0.0	0.0	-0.0	0.0	0.0	-0.0	-0.0	0.0	0.0	-0.0	-0.0	-0.0	0.0	0.0	-0.0	0.0	-0.0	0.0	-0.0	-0.0	-0.0	-0.0	0.0	0.0	0.0	0.0	0.0	-0.0	0.0	0.0	-0.0	0.0	-0.0	-0.0	-0.0	0.0	0.0	0.0	-0.0	-0.0	0.0	0.0	0.0	-0.0	0.0	-0.0	0.0	-0.0	0.0	-0.0	-0.0	0.0	0.0	0.0	-0.0	-0.0	0.0	0.0	0.0	0.0	-0.0	-0.0	0.0	0.0	-0.0	0.0	-0.0	0.0	0.0	-0.0	-0.0	-0.0	-0.0	0.0	-0.0	-0.0	-0.0	0.0	-0.0	-0.0	-0.0	0.0	-0.0	0.0	-0.0	0.0	-0.0	-0.0	0.0	0.0	-0.0	0.0	-0.0	-0.0	0.0	0.0	-0.0	-0.0	0.0	0.0	-0.0	-0.0	-0.0	0.0	-0.0	0.0	0.0	-0.0	0.0	-0.0
PFF_Cecum_30	0.9709493349354876	-1.1131283894796224	0.17751133108929745	0.0	0.0	0.0	0.0	-0.0	0.0	0.0	-0.0	0.0	0.0	-0.0	0.0	0.0	-0.0	0.0	-0.0	0.0	-0.0	-0.0	-0.0	-0.0	0.0	0.0	-0.0	0.0	0.0	0.0	0.0	-0.0	-0.0	0.0	0.0	0.0	-0.0	-0.0	0.0	-0.0	0.0	-0.0	-0.0	-0.0	-0.0	0.0	0.0	-0.0	0.0	-0.0	0.0	-0.0	0.0	-0.0	0.0	-0.0	0.0	0.0	0.0	0.0	-0.0	-0.0	-0.0	0.0	-0.0	0.0	-0.0	0.0	0.0	-0.0	-0.0	-0.0	-0.0	-0.0	-0.0	0.0	0.0	-0.0	0.0	-0.0	0.0	-0.0	0.0	0.0	0.0	-0.0	-0.0	-0.0	0.0	-0.0	-0.0	0.0	0.0	-0.0	0.0	0.0	0.0	-0.0	0.0	0.0	0.0	0.0	0.0	-0.0	0.0	-0.0	0.0	0.0	0.0	-0.0	0.0	-0.0	-0.0	-0.0	0.0	-0.0	-0.0	0.0	-0.0	0.0	-0.0	0.0	-0.0	0.0	0.0	-0.0	0.0	0.0	0.0
PFF_Colon_1914	0.24632821371060679	-0.357640172700352	-0.10784302598948133	-0.0	-0.0	0.0	0.0	-0.0	-0.0	-0.0	-0.0	-0.0	-0.0	0.0	-0.0	0.0	-0.0	0.0	0.0	0.0	0.0	-0.0	0.0	-0.0	0.0	-0.0	-0.0	-0.0	0.0	-0.0	-0.0	-0.0	-0.0	0.0	-0.0	-0.0	-0.0	-0.0	0.0	0.0	-0.0	0.0	-0.0	-0.0	0.0	0.0	-0.0	-0.0	-0.0	0.0	-0.0	0.0	-0.0	0.0	-0.0	-0.0	-0.0	-0.0	-0.0	0.0	-0.0	-0.0	-0.0	0.0	-0.0	0.0	-0.0	-0.0	-0.0	-0.0	-0.0	0.0	0.0	0.0	0.0	-0.0	0.0	-0.0	0.0	0.0	-0.0	-0.0	0.0	-0.0	-0.0	-0.0	0.0	0.0	0.0	-0.0	0.0	-0.0	0.0	-0.0	0.0	-0.0	-0.0	-0.0	-0.0	0.0	0.0	0.0	0.0	0.0	-0.0	0.0	-0.0	0.0	0.0	-0.0	-0.0	-0.0	-0.0	-0.0	-0.0	0.0	-0.0	-0.0	-0.0	-0.0	0.0	-0.0	-0.0	-0.0	-0.0	0.0	-0.0	-0.0	-0.0
PFF_Colon_1921	0.28841550298684426	-0.27600829023094864	-0.14356364772928915	-0.0	-0.0	0.0	-0.0	-0.0	0.0	-0.0	-0.0	0.0	-0.0	0.0	-0.0	0.0	-0.0	0.0	-0.0	0.0	-0.0	-0.0	-0.0	0.0	0.0	0.0	0.0	0.0	0.0	0.0	0.0	-0.0	0.0	-0.0	-0.0	-0.0	0.0	0.0	-0.0	0.0	0.0	0.0	-0.0	0.0	-0.0	0.0	0.0	-0.0	-0.0	-0.0	0.0	0.0	-0.0	0.0	-0.0	-0.0	-0.0	0.0	0.0	-0.0	0.0	-0.0	0.0	0.0	0.0	-0.0	-0.0	-0.0	-0.0	0.0	0.0	0.0	0.0	0.0	0.0	-0.0	-0.0	0.0	0.0	-0.0	0.0	-0.0	-0.0	-0.0	-0.0	-0.0	-0.0	0.0	-0.0	0.0	0.0	-0.0	0.0	-0.0	0.0	0.0	-0.0	0.0	0.0	-0.0	0.0	0.0	-0.0	0.0	-0.0	-0.0	0.0	0.0	0.0	0.0	0.0	-0.0	0.0	0.0	-0.0	-0.0	-0.0	-0.0	0.0	0.0	0.0	-0.0	-0.0	-0.0	-0.0	0.0	0.0	-0.0	-0.0
PFF_Colon_21	1.1335106840373779	0.3467747952177486	0.2204664329559458	0.0	-0.0	-0.0	0.0	-0.0	-0.0	-0.0	-0.0	0.0	-0.0	-0.0	0.0	-0.0	-0.0	0.0	-0.0	0.0	-0.0	-0.0	0.0	0.0	0.0	0.0	-0.0	-0.0	0.0	0.0	-0.0	-0.0	0.0	-0.0	0.0	0.0	-0.0	-0.0	-0.0	0.0	-0.0	-0.0	-0.0	-0.0	-0.0	0.0	0.0	0.0	-0.0	0.0	-0.0	0.0	0.0	0.0	-0.0	-0.0	-0.0	0.0	-0.0	-0.0	-0.0	0.0	-0.0	0.0	-0.0	-0.0	0.0	-0.0	0.0	0.0	-0.0	0.0	0.0	0.0	-0.0	0.0	0.0	0.0	0.0	0.0	-0.0	0.0	0.0	-0.0	0.0	-0.0	-0.0	-0.0	0.0	-0.0	0.0	0.0	-0.0	0.0	-0.0	-0.0	0.0	-0.0	-0.0	-0.0	-0.0	0.0	0.0	-0.0	-0.0	0.0	-0.0	0.0	-0.0	-0.0	0.0	-0.0	0.0	-0.0	-0.0	0.0	0.0	-0.0	-0.0	-0.0	0.0	-0.0	-0.0	0.0	0.0	-0.0	0.0	-0.0	0.0
PFF_Colon_11	0.6036265576581701	0.17677800012218003	0.03216071818966445	-0.0	-0.0	-0.0	0.0	0.0	-0.0	-0.0	0.0	0.0	-0.0	-0.0	0.0	0.0	0.0	0.0	-0.0	0.0	0.0	0.0	0.0	0.0	-0.0	-0.0	-0.0	0.0	-0.0	0.0	-0.0	-0.0	0.0	0.0	0.0	0.0	-0.0	-0.0	-0.0	0.0	0.0	0.0	0.0	-0.0	-0.0	-0.0	-0.0	-0.0	-0.0	-0.0	0.0	0.0	-0.0	0.0	0.0	0.0	-0.0	0.0	0.0	0.0	0.0	-0.0	-0.0	-0.0	-0.0	0.0	0.0	0.0	0.0	-0.0	-0.0	0.0	-0.0	0.0	-0.0	-0.0	0.0	-0.0	-0.0	-0.0	-0.0	-0.0	-0.0	-0.0	-0.0	0.0	-0.0	0.0	0.0	-0.0	-0.0	-0.0	-0.0	0.0	0.0	-0.0	-0.0	0.0	-0.0	-0.0	-0.0	0.0	0.0	0.0	-0.0	-0.0	0.0	-0.0	0.0	-0.0	0.0	-0.0	0.0	0.0	0.0	0.0	0.0	0.0	-0.0	-0.0	0.0	-0.0	-0.0	-0.0	0.0	0.0	0.0	0.0	0.0
PFF_Cecum_11	1.4060319712707374	-1.0294654091096724	0.0953153895684617	-0.0	0.0	0.0	-0.0	-0.0	0.0	0.0	0.0	-0.0	-0.0	-0.0	0.0	0.0	0.0	0.0	-0.0	-0.0	-0.0	0.0	0.0	-0.0	0.0	-0.0	-0.0	0.0	0.0	-0.0	-0.0	-0.0	0.0	-0.0	-0.0	-0.0	-0.0	-0.0	-0.0	-0.0	-0.0	-0.0	0.0	-0.0	0.0	-0.0	0.0	0.0	0.0	0.0	0.0	0.0	-0.0	-0.0	0.0	0.0	0.0	0.0	-0.0	-0.0	0.0	0.0	0.0	0.0	-0.0	-0.0	-0.0	0.0	-0.0	-0.0	-0.0	0.0	-0.0	-0.0	0.0	-0.0	0.0	0.0	-0.0	0.0	-0.0	-0.0	-0.0	0.0	-0.0	-0.0	-0.0	0.0	-0.0	-0.0	0.0	0.0	0.0	0.0	0.0	0.0	-0.0	0.0	0.0	-0.0	0.0	0.0	0.0	0.0	0.0	0.0	0.0	0.0	-0.0	0.0	-0.0	-0.0	0.0	0.0	-0.0	-0.0	0.0	-0.0	-0.0	0.0	0.0	0.0	0.0	0.0	-0.0	0.0	-0.0	-0.0	-0.0
PFF_Baseline_26	0.35485054449006426	2.087803484379338	-0.06906175836514053	0.0	-0.0	0.0	-0.0	0.0	-0.0	0.0	-0.0	-0.0	-0.0	-0.0	0.0	-0.0	-0.0	-0.0	0.0	0.0	0.0	-0.0	-0.0	0.0	-0.0	0.0	-0.0	0.0	0.0	0.0	-0.0	0.0	-0.0	0.0	0.0	-0.0	-0.0	0.0	-0.0	0.0	0.0	0.0	-0.0	-0.0	-0.0	0.0	-0.0	-0.0	-0.0	0.0	0.0	-0.0	-0.0	-0.0	0.0	0.0	0.0	-0.0	-0.0	-0.0	0.0	-0.0	-0.0	-0.0	-0.0	-0.0	-0.0	0.0	0.0	0.0	0.0	0.0	-0.0	0.0	0.0	-0.0	-0.0	-0.0	-0.0	0.0	0.0	0.0	-0.0	0.0	-0.0	0.0	-0.0	-0.0	0.0	-0.0	0.0	-0.0	0.0	0.0	0.0	0.0	-0.0	-0.0	0.0	0.0	0.0	0.0	-0.0	-0.0	0.0	0.0	-0.0	0.0	-0.0	0.0	0.0	0.0	-0.0	-0.0	0.0	-0.0	-0.0	-0.0	0.0	0.0	-0.0	0.0	-0.0	-0.0	-0.0	-0.0	-0.0	0.0	-0.0
PFF_Cecum_21	1.3054506600995146	0.3215359210611007	0.2740231345311293	-0.0	0.0	-0.0	0.0	-0.0	-0.0	0.0	-0.0	0.0	0.0	0.0	0.0	0.0	0.0	-0.0	-0.0	-0.0	-0.0	0.0	-0.0	-0.0	-0.0	0.0	-0.0	-0.0	-0.0	0.0	-0.0	0.0	-0.0	0.0	-0.0	0.0	-0.0	-0.0	-0.0	-0.0	0.0	-0.0	-0.0	-0.0	0.0	0.0	-0.0	0.0	-0.0	0.0	-0.0	-0.0	-0.0	-0.0	-0.0	0.0	0.0	-0.0	0.0	-0.0	0.0	-0.0	-0.0	0.0	0.0	0.0	-0.0	-0.0	0.0	0.0	0.0	0.0	-0.0	0.0	0.0	0.0	-0.0	-0.0	0.0	0.0	-0.0	0.0	-0.0	0.0	0.0	-0.0	0.0	-0.0	-0.0	-0.0	0.0	0.0	0.0	0.0	-0.0	-0.0	-0.0	0.0	0.0	0.0	-0.0	0.0	0.0	0.0	-0.0	-0.0	0.0	0.0	-0.0	-0.0	-0.0	-0.0	-0.0	-0.0	0.0	0.0	0.0	0.0	-0.0	0.0	0.0	0.0	-0.0	-0.0	0.0	-0.0	-0.0	-0.0	0.0
PFF_Colon_25	0.5300447369698952	0.6177191491358954	0.11738604943655474	-0.0	-0.0	0.0	-0.0	0.0	0.0	0.0	0.0	0.0	0.0	-0.0	-0.0	-0.0	0.0	0.0	-0.0	-0.0	-0.0	0.0	0.0	0.0	-0.0	0.0	0.0	0.0	0.0	-0.0	-0.0	-0.0	0.0	0.0	0.0	-0.0	0.0	0.0	0.0	0.0	0.0	0.0	-0.0	0.0	0.0	-0.0	-0.0	0.0	-0.0	-0.0	-0.0	-0.0	-0.0	0.0	0.0	0.0	-0.0	-0.0	0.0	0.0	-0.0	0.0	-0.0	-0.0	0.0	0.0	0.0	-0.0	-0.0	0.0	-0.0	0.0	0.0	-0.0	-0.0	0.0	-0.0	-0.0	0.0	0.0	0.0	-0.0	-0.0	0.0	0.0	-0.0	0.0	0.0	-0.0	0.0	0.0	-0.0	0.0	-0.0	-0.0	0.0	-0.0	-0.0	-0.0	-0.0	0.0	-0.0	-0.0	-0.0	-0.0	0.0	0.0	-0.0	-0.0	-0.0	-0.0	-0.0	-0.0	0.0	0.0	0.0	0.0	0.0	-0.0	-0.0	0.0	0.0	-0.0	-0.0	0.0	0.0	0.0	-0.0	-0.0
PFF_Cecum_37	0.7897053545655143	-0.14833310607565225	0.11008254280736726	0.0	0.0	-0.0	0.0	0.0	-0.0	0.0	0.0	-0.0	-0.0	0.0	-0.0	-0.0	0.0	0.0	0.0	0.0	-0.0	0.0	0.0	0.0	0.0	-0.0	-0.0	0.0	-0.0	-0.0	0.0	-0.0	0.0	0.0	-0.0	0.0	-0.0	0.0	0.0	-0.0	0.0	0.0	0.0	0.0	-0.0	0.0	0.0	0.0	-0.0	0.0	-0.0	-0.0	-0.0	0.0	-0.0	-0.0	-0.0	-0.0	0.0	-0.0	-0.0	0.0	0.0	-0.0	-0.0	-0.0	-0.0	0.0	-0.0	-0.0	0.0	-0.0	0.0	-0.0	0.0	-0.0	-0.0	-0.0	-0.0	-0.0	-0.0	0.0	-0.0	0.0	0.0	-0.0	-0.0	0.0	0.0	-0.0	0.0	0.0	-0.0	0.0	0.0	-0.0	0.0	-0.0	-0.0	-0.0	0.0	0.0	0.0	0.0	-0.0	-0.0	0.0	-0.0	0.0	-0.0	0.0	-0.0	-0.0	0.0	0.0	0.0	0.0	0.0	0.0	0.0	-0.0	0.0	0.0	-0.0	0.0	0.0	0.0	0.0	0.0
PFF_Baseline_37	-0.326675617861202	1.979427851261035	0.059059519481963224	-0.0	0.0	0.0	-0.0	0.0	0.0	0.0	0.0	0.0	-0.0	0.0	-0.0	0.0	-0.0	0.0	-0.0	-0.0	-0.0	0.0	0.0	-0.0	0.0	-0.0	-0.0	0.0	0.0	0.0	-0.0	-0.0	0.0	0.0	-0.0	0.0	-0.0	-0.0	-0.0	0.0	-0.0	-0.0	0.0	-0.0	-0.0	-0.0	0.0	-0.0	-0.0	0.0	-0.0	-0.0	-0.0	0.0	0.0	-0.0	-0.0	-0.0	0.0	-0.0	0.0	-0.0	-0.0	0.0	-0.0	0.0	0.0	0.0	0.0	0.0	-0.0	-0.0	-0.0	-0.0	-0.0	0.0	0.0	-0.0	-0.0	-0.0	-0.0	-0.0	0.0	0.0	0.0	-0.0	-0.0	0.0	-0.0	0.0	0.0	-0.0	0.0	-0.0	-0.0	0.0	0.0	-0.0	0.0	-0.0	0.0	-0.0	-0.0	0.0	-0.0	0.0	-0.0	-0.0	-0.0	-0.0	-0.0	0.0	-0.0	-0.0	-0.0	-0.0	-0.0	0.0	-0.0	-0.0	0.0	0.0	0.0	0.0	0.0	-0.0	-0.0	0.0	-0.0
PFF_Colon_17	-0.9444379541625882	-0.6638996364920672	-0.31600111922029994	-0.0	0.0	-0.0	0.0	-0.0	-0.0	0.0	0.0	-0.0	-0.0	-0.0	-0.0	0.0	0.0	0.0	0.0	-0.0	-0.0	-0.0	-0.0	0.0	0.0	-0.0	0.0	-0.0	-0.0	0.0	0.0	0.0	0.0	0.0	0.0	0.0	-0.0	-0.0	-0.0	-0.0	-0.0	0.0	-0.0	-0.0	0.0	0.0	-0.0	0.0	0.0	0.0	-0.0	0.0	-0.0	0.0	-0.0	-0.0	0.0	0.0	0.0	0.0	0.0	-0.0	-0.0	-0.0	-0.0	-0.0	-0.0	0.0	-0.0	0.0	-0.0	-0.0	-0.0	-0.0	-0.0	0.0	-0.0	-0.0	-0.0	-0.0	0.0	-0.0	-0.0	-0.0	-0.0	-0.0	0.0	-0.0	-0.0	0.0	0.0	-0.0	0.0	-0.0	-0.0	-0.0	0.0	-0.0	-0.0	0.0	0.0	0.0	0.0	-0.0	0.0	-0.0	0.0	-0.0	-0.0	-0.0	0.0	0.0	0.0	0.0	0.0	-0.0	0.0	-0.0	0.0	-0.0	-0.0	0.0	-0.0	0.0	-0.0	-0.0	0.0	-0.0	-0.0
PFF_Colon_32	0.012772862926713684	0.5023335637767196	-0.15556706467514478	0.0	0.0	-0.0	0.0	0.0	0.0	-0.0	0.0	-0.0	0.0	-0.0	0.0	0.0	-0.0	-0.0	0.0	-0.0	0.0	0.0	0.0	0.0	-0.0	0.0	0.0	0.0	-0.0	0.0	0.0	-0.0	0.0	-0.0	0.0	0.0	-0.0	0.0	-0.0	-0.0	-0.0	-0.0	-0.0	-0.0	-0.0	0.0	0.0	-0.0	-0.0	-0.0	-0.0	0.0	-0.0	-0.0	-0.0	-0.0	-0.0	0.0	-0.0	-0.0	-0.0	0.0	0.0	-0.0	-0.0	0.0	-0.0	-0.0	-0.0	-0.0	-0.0	0.0	-0.0	-0.0	0.0	0.0	-0.0	0.0	0.0	0.0	-0.0	-0.0	0.0	-0.0	-0.0	-0.0	-0.0	-0.0	0.0	-0.0	0.0	-0.0	-0.0	0.0	0.0	-0.0	-0.0	-0.0	-0.0	0.0	0.0	0.0	-0.0	-0.0	0.0	0.0	-0.0	0.0	-0.0	0.0	0.0	0.0	-0.0	0.0	0.0	-0.0	0.0	0.0	-0.0	-0.0	-0.0	-0.0	-0.0	-0.0	0.0	-0.0	0.0	0.0	-0.0
PFF_Cecum_1914	1.2401028261192828	-0.8462223371990526	0.01893363809671891	-0.0	-0.0	-0.0	-0.0	0.0	-0.0	0.0	-0.0	-0.0	-0.0	-0.0	-0.0	0.0	-0.0	0.0	-0.0	0.0	0.0	-0.0	-0.0	0.0	-0.0	-0.0	0.0	0.0	-0.0	-0.0	-0.0	-0.0	-0.0	-0.0	0.0	-0.0	0.0	-0.0	0.0	-0.0	0.0	-0.0	0.0	-0.0	-0.0	-0.0	0.0	-0.0	0.0	-0.0	-0.0	0.0	0.0	0.0	0.0	0.0	-0.0	-0.0	-0.0	-0.0	0.0	0.0	-0.0	0.0	-0.0	-0.0	-0.0	-0.0	-0.0	0.0	-0.0	-0.0	-0.0	0.0	-0.0	-0.0	0.0	-0.0	-0.0	0.0	0.0	0.0	0.0	0.0	-0.0	0.0	-0.0	0.0	-0.0	0.0	0.0	-0.0	-0.0	-0.0	0.0	-0.0	-0.0	0.0	0.0	-0.0	-0.0	0.0	0.0	0.0	-0.0	0.0	0.0	-0.0	-0.0	0.0	0.0	-0.0	-0.0	-0.0	0.0	-0.0	-0.0	0.0	-0.0	-0.0	-0.0	0.0	0.0	-0.0	0.0	0.0	0.0	0.0	0.0
PFF_Jejunum_1945	-0.7908329692223932	-0.12359152048499009	-0.14542206103798955	0.0	0.0	-0.0	0.0	0.0	-0.0	0.0	-0.0	0.0	-0.0	-0.0	0.0	0.0	0.0	-0.0	0.0	0.0	0.0	-0.0	0.0	0.0	-0.0	-0.0	-0.0	-0.0	-0.0	0.0	-0.0	-0.0	-0.0	-0.0	0.0	-0.0	-0.0	0.0	-0.0	-0.0	-0.0	-0.0	-0.0	-0.0	-0.0	-0.0	0.0	0.0	-0.0	-0.0	0.0	0.0	-0.0	0.0	-0.0	-0.0	-0.0	0.0	-0.0	-0.0	0.0	-0.0	0.0	0.0	-0.0	-0.0	0.0	-0.0	0.0	0.0	0.0	0.0	-0.0	-0.0	0.0	0.0	0.0	0.0	-0.0	0.0	-0.0	-0.0	-0.0	0.0	0.0	-0.0	-0.0	0.0	-0.0	0.0	-0.0	-0.0	0.0	-0.0	0.0	-0.0	-0.0	-0.0	-0.0	0.0	0.0	0.0	0.0	0.0	-0.0	-0.0	0.0	0.0	0.0	-0.0	-0.0	0.0	-0.0	-0.0	-0.0	-0.0	-0.0	-0.0	0.0	-0.0	0.0	0.0	0.0	-0.0	0.0	-0.0	0.0	-0.0	-0.0
PFF_Jejunum_17	-2.2076461095028503	0.3459683731503173	-0.06643707588004674	0.0	-0.0	0.0	0.0	-0.0	-0.0	0.0	0.0	-0.0	0.0	0.0	0.0	0.0	-0.0	0.0	-0.0	-0.0	-0.0	0.0	0.0	-0.0	0.0	0.0	-0.0	-0.0	0.0	-0.0	0.0	-0.0	-0.0	0.0	0.0	0.0	0.0	-0.0	0.0	0.0	0.0	0.0	-0.0	-0.0	-0.0	0.0	0.0	-0.0	-0.0	-0.0	-0.0	-0.0	0.0	-0.0	-0.0	0.0	-0.0	0.0	-0.0	-0.0	0.0	0.0	0.0	-0.0	-0.0	0.0	0.0	0.0	0.0	0.0	0.0	0.0	0.0	-0.0	-0.0	0.0	0.0	-0.0	-0.0	0.0	0.0	-0.0	-0.0	-0.0	0.0	-0.0	0.0	0.0	0.0	-0.0	0.0	-0.0	0.0	0.0	0.0	0.0	-0.0	0.0	0.0	0.0	0.0	-0.0	-0.0	0.0	-0.0	0.0	-0.0	-0.0	0.0	0.0	-0.0	0.0	0.0	-0.0	0.0	-0.0	0.0	-0.0	0.0	-0.0	-0.0	0.0	-0.0	0.0	-0.0	-0.0	-0.0	0.0	-0.0
PFF_Baseline_12	-0.005396052653369704	1.8933320199864534	-0.0026188354037356048	-0.0	-0.0	-0.0	0.0	0.0	0.0	-0.0	0.0	0.0	0.0	0.0	-0.0	0.0	0.0	0.0	-0.0	0.0	0.0	-0.0	-0.0	-0.0	0.0	0.0	0.0	0.0	0.0	-0.0	0.0	-0.0	-0.0	-0.0	0.0	0.0	0.0	0.0	0.0	-0.0	-0.0	-0.0	-0.0	-0.0	0.0	-0.0	0.0	0.0	-0.0	0.0	-0.0	-0.0	-0.0	-0.0	-0.0	0.0	0.0	0.0	-0.0	-0.0	0.0	0.0	-0.0	0.0	0.0	0.0	-0.0	-0.0	0.0	-0.0	0.0	0.0	0.0	-0.0	-0.0	0.0	-0.0	-0.0	-0.0	-0.0	0.0	-0.0	0.0	0.0	0.0	0.0	-0.0	-0.0	-0.0	0.0	-0.0	-0.0	-0.0	-0.0	0.0	-0.0	0.0	0.0	-0.0	0.0	0.0	-0.0	0.0	-0.0	0.0	0.0	0.0	0.0	0.0	0.0	-0.0	0.0	0.0	-0.0	-0.0	0.0	0.0	0.0	0.0	-0.0	0.0	-0.0	0.0	-0.0	0.0	0.0	-0.0	0.0	0.0
PFF_Jejunum_14	-0.7220972960253171	-1.2532605989189913	-0.10806658388133296	-0.0	0.0	-0.0	-0.0	-0.0	0.0	-0.0	0.0	0.0	-0.0	-0.0	0.0	-0.0	0.0	0.0	-0.0	0.0	0.0	-0.0	-0.0	0.0	0.0	0.0	0.0	0.0	-0.0	-0.0	-0.0	0.0	-0.0	-0.0	-0.0	0.0	-0.0	0.0	-0.0	-0.0	0.0	-0.0	-0.0	0.0	0.0	-0.0	0.0	-0.0	-0.0	0.0	0.0	-0.0	0.0	0.0	0.0	0.0	-0.0	0.0	-0.0	0.0	-0.0	0.0	0.0	-0.0	0.0	0.0	-0.0	-0.0	0.0	0.0	-0.0	0.0	0.0	0.0	0.0	-0.0	-0.0	-0.0	-0.0	-0.0	-0.0	-0.0	0.0	0.0	-0.0	-0.0	-0.0	0.0	0.0	-0.0	0.0	-0.0	0.0	0.0	-0.0	0.0	-0.0	-0.0	-0.0	-0.0	-0.0	-0.0	-0.0	-0.0	0.0	-0.0	-0.0	0.0	0.0	-0.0	0.0	-0.0	0.0	-0.0	-0.0	-0.0	0.0	0.0	0.0	0.0	-0.0	-0.0	-0.0	-0.0	0.0	-0.0	0.0	-0.0	-0.0
PFF_Jejunum_18	-2.4020314851918605	-0.30479856399679284	0.651176032505311	0.0	-0.0	0.0	-0.0	-0.0	-0.0	-0.0	-0.0	-0.0	-0.0	-0.0	-0.0	0.0	-0.0	0.0	0.0	-0.0	0.0	0.0	0.0	-0.0	0.0	-0.0	0.0	-0.0	0.0	-0.0	0.0	-0.0	0.0	-0.0	0.0	-0.0	0.0	0.0	0.0	-0.0	-0.0	-0.0	-0.0	-0.0	0.0	-0.0	-0.0	-0.0	0.0	-0.0	-0.0	-0.0	-0.0	-0.0	-0.0	0.0	-0.0	0.0	-0.0	0.0	0.0	-0.0	0.0	0.0	-0.0	-0.0	0.0	0.0	0.0	0.0	0.0	0.0	0.0	0.0	0.0	-0.0	-0.0	-0.0	-0.0	-0.0	-0.0	0.0	0.0	0.0	-0.0	-0.0	0.0	-0.0	-0.0	-0.0	0.0	-0.0	0.0	0.0	0.0	-0.0	0.0	-0.0	-0.0	0.0	0.0	0.0	-0.0	0.0	-0.0	0.0	0.0	-0.0	-0.0	0.0	0.0	-0.0	-0.0	0.0	-0.0	0.0	-0.0	0.0	0.0	-0.0	0.0	-0.0	0.0	-0.0	-0.0	0.0	0.0	-0.0	-0.0
PFF_Cecum_28	1.5432281859841768	-1.5655408143703802	0.17217436062443767	0.0	-0.0	-0.0	-0.0	-0.0	-0.0	0.0	-0.0	0.0	0.0	0.0	0.0	-0.0	0.0	-0.0	0.0	0.0	0.0	-0.0	-0.0	-0.0	0.0	0.0	-0.0	-0.0	0.0	-0.0	0.0	-0.0	-0.0	0.0	0.0	0.0	-0.0	-0.0	-0.0	0.0	-0.0	-0.0	-0.0	-0.0	-0.0	-0.0	-0.0	-0.0	-0.0	-0.0	0.0	-0.0	-0.0	0.0	0.0	0.0	-0.0	0.0	-0.0	-0.0	-0.0	0.0	-0.0	-0.0	0.0	-0.0	0.0	-0.0	-0.0	-0.0	0.0	0.0	-0.0	-0.0	0.0	-0.0	0.0	0.0	-0.0	-0.0	0.0	-0.0	0.0	0.0	-0.0	-0.0	-0.0	-0.0	0.0	0.0	0.0	-0.0	0.0	-0.0	-0.0	-0.0	-0.0	0.0	-0.0	-0.0	0.0	0.0	0.0	-0.0	-0.0	-0.0	-0.0	-0.0	-0.0	0.0	-0.0	-0.0	0.0	0.0	-0.0	0.0	-0.0	0.0	0.0	0.0	0.0	-0.0	-0.0	0.0	0.0	0.0	0.0	0.0	0.0
PFF_Jejunum_1942	-1.5608907044067046	-1.099906762628688	0.003753362321533071	-0.0	-0.0	-0.0	0.0	-0.0	0.0	-0.0	0.0	-0.0	0.0	0.0	-0.0	0.0	0.0	-0.0	0.0	-0.0	0.0	0.0	0.0	0.0	-0.0	-0.0	-0.0	0.0	0.0	-0.0	-0.0	-0.0	-0.0	0.0	-0.0	0.0	0.0	-0.0	-0.0	-0.0	0.0	-0.0	0.0	-0.0	-0.0	0.0	-0.0	-0.0	0.0	-0.0	-0.0	0.0	0.0	0.0	0.0	0.0	-0.0	-0.0	-0.0	0.0	-0.0	-0.0	0.0	-0.0	0.0	0.0	0.0	-0.0	0.0	-0.0	0.0	0.0	0.0	-0.0	-0.0	0.0	-0.0	-0.0	-0.0	-0.0	0.0	-0.0	-0.0	0.0	0.0	-0.0	-0.0	-0.0	-0.0	-0.0	-0.0	-0.0	-0.0	0.0	0.0	-0.0	0.0	-0.0	-0.0	0.0	0.0	-0.0	0.0	0.0	-0.0	0.0	-0.0	0.0	-0.0	0.0	0.0	0.0	-0.0	0.0	-0.0	-0.0	-0.0	0.0	-0.0	-0.0	-0.0	-0.0	-0.0	0.0	-0.0	0.0	-0.0	0.0	-0.0
PFF_Cecum_1920	-0.4857268338693629	-0.2704727296515046	-0.2325852810753099	0.0	-0.0	0.0	0.0	0.0	-0.0	0.0	0.0	-0.0	-0.0	-0.0	0.0	-0.0	0.0	0.0	-0.0	-0.0	-0.0	-0.0	0.0	-0.0	0.0	0.0	-0.0	0.0	0.0	-0.0	-0.0	0.0	-0.0	0.0	0.0	0.0	0.0	0.0	0.0	-0.0	0.0	0.0	0.0	-0.0	-0.0	0.0	-0.0	-0.0	0.0	-0.0	0.0	0.0	-0.0	0.0	-0.0	0.0	-0.0	-0.0	-0.0	-0.0	-0.0	0.0	-0.0	-0.0	-0.0	-0.0	0.0	0.0	0.0	-0.0	0.0	-0.0	0.0	-0.0	-0.0	-0.0	-0.0	-0.0	0.0	-0.0	-0.0	0.0	0.0	0.0	-0.0	-0.0	-0.0	0.0	0.0	-0.0	-0.0	0.0	-0.0	0.0	0.0	-0.0	0.0	-0.0	0.0	-0.0	0.0	0.0	-0.0	-0.0	-0.0	-0.0	-0.0	0.0	-0.0	0.0	0.0	-0.0	-0.0	-0.0	-0.0	-0.0	0.0	0.0	-0.0	-0.0	-0.0	-0.0	-0.0	0.0	-0.0	-0.0	-0.0	-0.0	-0.0
PFF_Jejunum_28	0.48082171728156	-0.8710544415151988	0.0077806312330593414	-0.0	0.0	0.0	-0.0	0.0	0.0	-0.0	-0.0	0.0	-0.0	-0.0	0.0	-0.0	-0.0	-0.0	0.0	-0.0	0.0	-0.0	-0.0	-0.0	-0.0	-0.0	0.0	0.0	-0.0	-0.0	-0.0	0.0	0.0	0.0	-0.0	0.0	-0.0	-0.0	0.0	0.0	0.0	0.0	0.0	0.0	0.0	-0.0	0.0	-0.0	-0.0	0.0	-0.0	-0.0	-0.0	-0.0	-0.0	-0.0	-0.0	-0.0	-0.0	0.0	-0.0	-0.0	-0.0	0.0	0.0	0.0	0.0	0.0	-0.0	-0.0	0.0	0.0	-0.0	-0.0	-0.0	-0.0	0.0	0.0	0.0	0.0	0.0	-0.0	-0.0	-0.0	-0.0	-0.0	0.0	-0.0	-0.0	-0.0	0.0	0.0	0.0	-0.0	0.0	-0.0	-0.0	-0.0	-0.0	0.0	-0.0	-0.0	0.0	0.0	-0.0	-0.0	-0.0	-0.0	-0.0	0.0	0.0	-0.0	0.0	0.0	-0.0	-0.0	-0.0	-0.0	-0.0	-0.0	0.0	-0.0	-0.0	-0.0	-0.0	0.0	0.0	0.0	0.0
PFF_Cecum_13	1.73798607430207	0.23971344626224336	0.25551039518465307	0.0	-0.0	-0.0	0.0	0.0	0.0	-0.0	0.0	-0.0	0.0	-0.0	0.0	0.0	-0.0	-0.0	-0.0	-0.0	0.0	0.0	-0.0	-0.0	0.0	0.0	0.0	-0.0	-0.0	-0.0	-0.0	0.0	-0.0	-0.0	-0.0	0.0	-0.0	-0.0	0.0	-0.0	-0.0	0.0	-0.0	0.0	0.0	0.0	-0.0	0.0	-0.0	0.0	-0.0	-0.0	0.0	-0.0	0.0	-0.0	0.0	-0.0	0.0	0.0	0.0	-0.0	0.0	0.0	-0.0	0.0	0.0	0.0	0.0	0.0	-0.0	-0.0	0.0	-0.0	0.0	-0.0	-0.0	-0.0	0.0	0.0	0.0	-0.0	-0.0	0.0	-0.0	0.0	-0.0	0.0	0.0	0.0	-0.0	-0.0	-0.0	-0.0	-0.0	-0.0	0.0	-0.0	0.0	-0.0	-0.0	-0.0	-0.0	0.0	-0.0	-0.0	0.0	-0.0	0.0	-0.0	0.0	-0.0	0.0	0.0	0.0	-0.0	-0.0	-0.0	0.0	-0.0	-0.0	-0.0	-0.0	0.0	-0.0	-0.0	-0.0	0.0	0.0
PFF_Colon_28	0.46819840009479274	-0.5838942547009659	0.09445140356340608	0.0	0.0	-0.0	-0.0	0.0	-0.0	-0.0	-0.0	-0.0	0.0	0.0	0.0	-0.0	-0.0	0.0	0.0	0.0	-0.0	0.0	-0.0	0.0	0.0	-0.0	0.0	-0.0	0.0	0.0	-0.0	0.0	-0.0	0.0	-0.0	-0.0	0.0	0.0	-0.0	-0.0	-0.0	0.0	-0.0	-0.0	0.0	-0.0	0.0	-0.0	-0.0	0.0	0.0	0.0	-0.0	0.0	-0.0	-0.0	0.0	-0.0	0.0	0.0	-0.0	-0.0	-0.0	-0.0	0.0	-0.0	0.0	-0.0	-0.0	0.0	0.0	0.0	0.0	0.0	0.0	0.0	0.0	-0.0	0.0	0.0	0.0	0.0	0.0	0.0	-0.0	0.0	-0.0	0.0	0.0	0.0	-0.0	-0.0	0.0	-0.0	0.0	-0.0	-0.0	0.0	-0.0	-0.0	-0.0	0.0	0.0	-0.0	0.0	-0.0	-0.0	0.0	0.0	0.0	0.0	0.0	-0.0	0.0	-0.0	-0.0	0.0	0.0	0.0	-0.0	-0.0	0.0	-0.0	0.0	0.0	0.0	-0.0	0.0	-0.0
PFF_Colon_1941	-0.38708537473086563	-0.1832783956996428	-0.356280450652182	-0.0	0.0	-0.0	-0.0	-0.0	-0.0	0.0	-0.0	0.0	0.0	0.0	-0.0	-0.0	0.0	0.0	0.0	0.0	-0.0	0.0	0.0	-0.0	0.0	0.0	-0.0	0.0	0.0	-0.0	0.0	-0.0	0.0	0.0	-0.0	0.0	0.0	-0.0	0.0	-0.0	-0.0	-0.0	-0.0	-0.0	-0.0	-0.0	-0.0	-0.0	0.0	0.0	0.0	0.0	-0.0	0.0	-0.0	0.0	0.0	-0.0	0.0	0.0	-0.0	0.0	0.0	-0.0	0.0	-0.0	-0.0	0.0	0.0	0.0	-0.0	-0.0	0.0	-0.0	-0.0	-0.0	-0.0	-0.0	0.0	0.0	0.0	0.0	0.0	0.0	0.0	0.0	-0.0	-0.0	-0.0	-0.0	0.0	0.0	0.0	-0.0	0.0	-0.0	0.0	-0.0	0.0	-0.0	-0.0	-0.0	0.0	0.0	-0.0	-0.0	-0.0	0.0	0.0	0.0	-0.0	-0.0	-0.0	-0.0	0.0	-0.0	-0.0	-0.0	-0.0	0.0	0.0	0.0	0.0	-0.0	-0.0	-0.0	-0.0	0.0	-0.0
PFF_Colon_18	0.3202895319518875	-0.8055173765092442	0.08259584516862689	0.0	-0.0	0.0	0.0	-0.0	-0.0	0.0	0.0	0.0	-0.0	-0.0	-0.0	-0.0	0.0	0.0	0.0	-0.0	0.0	-0.0	-0.0	-0.0	-0.0	-0.0	0.0	0.0	-0.0	-0.0	0.0	-0.0	0.0	-0.0	0.0	0.0	-0.0	-0.0	0.0	-0.0	0.0	0.0	0.0	-0.0	-0.0	-0.0	0.0	-0.0	0.0	0.0	0.0	0.0	0.0	-0.0	-0.0	-0.0	0.0	-0.0	0.0	-0.0	0.0	0.0	0.0	-0.0	-0.0	-0.0	-0.0	0.0	0.0	0.0	0.0	0.0	0.0	-0.0	-0.0	-0.0	0.0	0.0	0.0	0.0	-0.0	0.0	-0.0	0.0	0.0	-0.0	-0.0	-0.0	-0.0	-0.0	0.0	0.0	-0.0	0.0	0.0	-0.0	0.0	0.0	0.0	-0.0	0.0	0.0	-0.0	0.0	0.0	0.0	-0.0	0.0	0.0	-0.0	-0.0	0.0	0.0	0.0	0.0	0.0	-0.0	0.0	0.0	0.0	0.0	-0.0	-0.0	0.0	0.0	-0.0	-0.0	0.0	0.0
PFF_Colon_14	0.4322378694346335	0.527947752700307	-0.04529483528524871	0.0	-0.0	0.0	-0.0	0.0	0.0	-0.0	-0.0	0.0	0.0	-0.0	-0.0	0.0	0.0	0.0	0.0	-0.0	0.0	0.0	-0.0	0.0	0.0	0.0	-0.0	0.0	-0.0	-0.0	0.0	0.0	-0.0	0.0	-0.0	0.0	0.0	0.0	0.0	0.0	-0.0	-0.0	0.0	0.0	-0.0	-0.0	-0.0	0.0	0.0	-0.0	-0.0	-0.0	-0.0	-0.0	0.0	-0.0	0.0	0.0	0.0	-0.0	-0.0	0.0	-0.0	-0.0	-0.0	-0.0	0.0	-0.0	0.0	-0.0	-0.0	0.0	0.0	0.0	-0.0	0.0	-0.0	0.0	-0.0	-0.0	-0.0	0.0	-0.0	-0.0	0.0	-0.0	-0.0	0.0	0.0	-0.0	-0.0	0.0	0.0	-0.0	0.0	0.0	0.0	-0.0	-0.0	-0.0	-0.0	0.0	-0.0	0.0	-0.0	-0.0	0.0	0.0	0.0	0.0	-0.0	-0.0	0.0	-0.0	-0.0	-0.0	-0.0	0.0	-0.0	0.0	0.0	0.0	-0.0	-0.0	0.0	0.0	0.0	0.0	-0.0
PFF_Jejunum_1943	-0.9991992839046585	-0.7487902074661142	-0.0993416022688842	0.0	0.0	0.0	-0.0	-0.0	-0.0	-0.0	-0.0	-0.0	0.0	-0.0	-0.0	-0.0	0.0	-0.0	-0.0	0.0	-0.0	0.0	0.0	-0.0	-0.0	-0.0	-0.0	0.0	-0.0	0.0	-0.0	0.0	-0.0	-0.0	0.0	0.0	-0.0	-0.0	0.0	0.0	0.0	0.0	0.0	-0.0	-0.0	-0.0	-0.0	0.0	0.0	0.0	-0.0	0.0	-0.0	0.0	-0.0	0.0	0.0	-0.0	0.0	-0.0	-0.0	-0.0	-0.0	-0.0	-0.0	0.0	0.0	-0.0	0.0	0.0	0.0	-0.0	0.0	0.0	0.0	-0.0	-0.0	0.0	0.0	-0.0	0.0	-0.0	-0.0	0.0	0.0	-0.0	0.0	-0.0	0.0	0.0	0.0	-0.0	-0.0	-0.0	0.0	-0.0	0.0	-0.0	-0.0	-0.0	-0.0	0.0	0.0	0.0	0.0	0.0	0.0	-0.0	0.0	-0.0	-0.0	0.0	-0.0	0.0	-0.0	-0.0	0.0	0.0	-0.0	-0.0	0.0	0.0	-0.0	0.0	-0.0	-0.0	0.0	-0.0	-0.0
PFF_Baseline_15	0.6070711241101289	1.524330704523101	-0.015376458590922081	-0.0	0.0	0.0	-0.0	-0.0	-0.0	0.0	-0.0	-0.0	0.0	0.0	-0.0	-0.0	-0.0	0.0	-0.0	-0.0	-0.0	0.0	0.0	0.0	-0.0	-0.0	-0.0	-0.0	-0.0	-0.0	-0.0	-0.0	-0.0	-0.0	0.0	0.0	-0.0	-0.0	-0.0	-0.0	0.0	-0.0	0.0	-0.0	0.0	-0.0	-0.0	-0.0	-0.0	-0.0	0.0	0.0	-0.0	0.0	0.0	0.0	0.0	0.0	-0.0	-0.0	0.0	0.0	0.0	0.0	0.0	0.0	-0.0	-0.0	0.0	-0.0	0.0	-0.0	-0.0	-0.0	-0.0	0.0	-0.0	0.0	0.0	0.0	-0.0	-0.0	-0.0	-0.0	0.0	-0.0	-0.0	-0.0	0.0	0.0	0.0	-0.0	0.0	-0.0	0.0	-0.0	-0.0	-0.0	-0.0	0.0	-0.0	-0.0	-0.0	0.0	0.0	-0.0	-0.0	0.0	0.0	-0.0	-0.0	-0.0	0.0	-0.0	-0.0	0.0	-0.0	0.0	-0.0	-0.0	-0.0	0.0	-0.0	0.0	0.0	-0.0	-0.0	-0.0	0.0
PFF_Cecum_17	-0.33570807174013206	-1.115149537958055	-0.6306823587303382	0.0	-0.0	-0.0	0.0	0.0	0.0	-0.0	0.0	-0.0	0.0	0.0	-0.0	0.0	0.0	-0.0	0.0	0.0	-0.0	-0.0	-0.0	-0.0	-0.0	-0.0	-0.0	-0.0	0.0	-0.0	-0.0	0.0	0.0	0.0	0.0	-0.0	0.0	-0.0	0.0	-0.0	-0.0	0.0	-0.0	-0.0	0.0	-0.0	0.0	-0.0	-0.0	-0.0	-0.0	0.0	-0.0	-0.0	0.0	-0.0	-0.0	0.0	-0.0	0.0	0.0	0.0	0.0	0.0	0.0	0.0	0.0	-0.0	0.0	0.0	0.0	-0.0	-0.0	0.0	0.0	-0.0	-0.0	0.0	0.0	-0.0	-0.0	0.0	-0.0	-0.0	-0.0	-0.0	0.0	0.0	0.0	-0.0	0.0	-0.0	0.0	0.0	0.0	-0.0	-0.0	-0.0	0.0	-0.0	-0.0	-0.0	0.0	0.0	-0.0	-0.0	-0.0	-0.0	-0.0	-0.0	0.0	-0.0	-0.0	-0.0	0.0	0.0	-0.0	0.0	-0.0	0.0	0.0	-0.0	-0.0	0.0	0.0	0.0	-0.0	0.0	-0.0
PFF_Colon_36	0.722563426365485	-0.9165284646199273	-0.19337219786838794	0.0	-0.0	-0.0	-0.0	0.0	-0.0	0.0	-0.0	0.0	0.0	0.0	-0.0	-0.0	0.0	0.0	-0.0	0.0	0.0	-0.0	0.0	-0.0	0.0	-0.0	-0.0	0.0	-0.0	0.0	-0.0	-0.0	0.0	-0.0	0.0	-0.0	0.0	0.0	-0.0	0.0	-0.0	-0.0	0.0	-0.0	0.0	0.0	-0.0	-0.0	-0.0	-0.0	0.0	0.0	0.0	-0.0	-0.0	-0.0	0.0	0.0	-0.0	0.0	-0.0	0.0	0.0	0.0	-0.0	0.0	-0.0	-0.0	-0.0	0.0	0.0	-0.0	-0.0	-0.0	-0.0	-0.0	0.0	-0.0	-0.0	0.0	-0.0	0.0	-0.0	0.0	0.0	-0.0	-0.0	-0.0	0.0	-0.0	-0.0	0.0	-0.0	0.0	-0.0	-0.0	-0.0	0.0	0.0	-0.0	-0.0	-0.0	-0.0	-0.0	-0.0	0.0	0.0	0.0	0.0	-0.0	-0.0	-0.0	0.0	-0.0	0.0	-0.0	-0.0	-0.0	0.0	-0.0	-0.0	0.0	-0.0	-0.0	-0.0	0.0	-0.0	-0.0	0.0
PFF_Baseline_1946	0.08905938502290071	1.9628928533887817	-0.08201526008465418	0.0	-0.0	0.0	-0.0	0.0	0.0	0.0	0.0	-0.0	-0.0	0.0	0.0	0.0	0.0	-0.0	0.0	-0.0	-0.0	-0.0	-0.0	0.0	-0.0	-0.0	-0.0	-0.0	0.0	0.0	-0.0	-0.0	0.0	0.0	-0.0	0.0	0.0	-0.0	-0.0	0.0	-0.0	0.0	0.0	0.0	0.0	-0.0	-0.0	-0.0	0.0	-0.0	0.0	0.0	0.0	0.0	0.0	-0.0	-0.0	-0.0	-0.0	-0.0	0.0	-0.0	0.0	-0.0	-0.0	0.0	0.0	-0.0	0.0	0.0	0.0	0.0	-0.0	-0.0	0.0	-0.0	-0.0	0.0	-0.0	0.0	-0.0	0.0	0.0	-0.0	-0.0	-0.0	-0.0	-0.0	0.0	0.0	-0.0	-0.0	0.0	-0.0	0.0	-0.0	0.0	-0.0	0.0	0.0	-0.0	-0.0	0.0	-0.0	0.0	0.0	0.0	0.0	0.0	0.0	0.0	0.0	-0.0	-0.0	0.0	0.0	-0.0	-0.0	-0.0	0.0	0.0	0.0	0.0	0.0	-0.0	-0.0	0.0	0.0	-0.0
PFF_Cecum_1904	0.7015033061098999	-0.3854914817366389	0.03930821815570493	-0.0	-0.0	0.0	0.0	0.0	0.0	-0.0	0.0	-0.0	0.0	0.0	0.0	-0.0	-0.0	0.0	-0.0	0.0	0.0	-0.0	-0.0	0.0	0.0	-0.0	0.0	0.0	0.0	0.0	-0.0	0.0	-0.0	-0.0	-0.0	0.0	0.0	0.0	-0.0	-0.0	0.0	0.0	0.0	0.0	-0.0	0.0	-0.0	0.0	0.0	-0.0	0.0	0.0	-0.0	-0.0	0.0	-0.0	-0.0	-0.0	-0.0	-0.0	0.0	-0.0	0.0	-0.0	0.0	-0.0	0.0	0.0	0.0	-0.0	-0.0	0.0	0.0	-0.0	0.0	-0.0	-0.0	0.0	-0.0	0.0	-0.0	-0.0	-0.0	-0.0	0.0	-0.0	-0.0	0.0	0.0	0.0	0.0	-0.0	0.0	0.0	0.0	-0.0	-0.0	-0.0	-0.0	0.0	-0.0	-0.0	-0.0	-0.0	-0.0	0.0	0.0	-0.0	-0.0	0.0	-0.0	0.0	0.0	-0.0	0.0	-0.0	-0.0	-0.0	-0.0	-0.0	-0.0	-0.0	0.0	-0.0	-0.0	0.0	0.0	0.0	0.0
PFF_Jejunum_1906	-1.9804956553973212	-0.28739356596166554	0.5228890422470973	0.0	0.0	0.0	0.0	0.0	0.0	0.0	0.0	-0.0	0.0	-0.0	-0.0	0.0	0.0	0.0	0.0	0.0	0.0	0.0	0.0	0.0	-0.0	0.0	-0.0	-0.0	-0.0	-0.0	0.0	0.0	-0.0	-0.0	-0.0	0.0	0.0	-0.0	-0.0	-0.0	0.0	0.0	-0.0	0.0	0.0	0.0	-0.0	-0.0	-0.0	0.0	-0.0	-0.0	-0.0	0.0	-0.0	-0.0	0.0	0.0	0.0	0.0	0.0	0.0	0.0	-0.0	0.0	0.0	-0.0	-0.0	0.0	-0.0	-0.0	0.0	0.0	0.0	0.0	0.0	0.0	-0.0	0.0	0.0	0.0	0.0	0.0	0.0	-0.0	-0.0	-0.0	-0.0	-0.0	-0.0	-0.0	-0.0	-0.0	-0.0	0.0	-0.0	-0.0	-0.0	-0.0	-0.0	-0.0	0.0	-0.0	-0.0	0.0	-0.0	0.0	-0.0	0.0	-0.0	-0.0	0.0	-0.0	-0.0	-0.0	0.0	-0.0	-0.0	0.0	0.0	0.0	-0.0	-0.0	-0.0	-0.0	0.0	-0.0	0.0	-0.0
PFF_Colon_30	-0.06696007052874528	-0.1090272611861119	0.07260834774858416	-0.0	0.0	0.0	0.0	0.0	0.0	0.0	-0.0	0.0	-0.0	0.0	-0.0	0.0	0.0	-0.0	0.0	0.0	0.0	-0.0	0.0	-0.0	-0.0	-0.0	0.0	0.0	-0.0	-0.0	-0.0	0.0	-0.0	0.0	0.0	0.0	0.0	0.0	0.0	0.0	-0.0	0.0	-0.0	-0.0	-0.0	-0.0	0.0	0.0	0.0	-0.0	0.0	0.0	0.0	-0.0	-0.0	0.0	0.0	0.0	0.0	-0.0	0.0	-0.0	0.0	0.0	-0.0	-0.0	-0.0	0.0	0.0	0.0	-0.0	-0.0	0.0	0.0	0.0	-0.0	0.0	-0.0	0.0	0.0	-0.0	0.0	0.0	0.0	-0.0	-0.0	-0.0	-0.0	0.0	-0.0	0.0	0.0	-0.0	0.0	0.0	-0.0	-0.0	-0.0	-0.0	-0.0	0.0	0.0	-0.0	-0.0	0.0	-0.0	-0.0	0.0	-0.0	0.0	-0.0	-0.0	0.0	0.0	0.0	-0.0	0.0	0.0	0.0	-0.0	0.0	-0.0	-0.0	0.0	0.0	-0.0	0.0	0.0	0.0
PFF_Cecum_1938	1.314895828305095	0.49471693989204885	0.4320167846350026	0.0	-0.0	0.0	0.0	0.0	-0.0	0.0	-0.0	-0.0	0.0	-0.0	-0.0	-0.0	0.0	0.0	0.0	-0.0	0.0	-0.0	0.0	-0.0	0.0	0.0	0.0	-0.0	-0.0	-0.0	0.0	0.0	0.0	-0.0	0.0	-0.0	-0.0	-0.0	-0.0	-0.0	0.0	-0.0	-0.0	-0.0	0.0	0.0	-0.0	0.0	-0.0	-0.0	-0.0	0.0	0.0	0.0	-0.0	-0.0	0.0	-0.0	-0.0	0.0	0.0	0.0	0.0	-0.0	0.0	0.0	0.0	0.0	0.0	-0.0	0.0	-0.0	0.0	0.0	0.0	-0.0	-0.0	-0.0	0.0	-0.0	0.0	-0.0	-0.0	-0.0	-0.0	-0.0	-0.0	0.0	-0.0	0.0	0.0	-0.0	0.0	-0.0	0.0	-0.0	-0.0	0.0	-0.0	0.0	-0.0	-0.0	0.0	-0.0	0.0	-0.0	0.0	0.0	0.0	-0.0	0.0	0.0	-0.0	0.0	-0.0	-0.0	0.0	-0.0	-0.0	-0.0	-0.0	-0.0	0.0	-0.0	0.0	-0.0	0.0	0.0	-0.0
PFF_Jejunum_1917	-1.7623289684684775	0.07904163867947568	-0.14767346369823106	0.0	-0.0	0.0	-0.0	-0.0	-0.0	0.0	0.0	0.0	-0.0	-0.0	-0.0	-0.0	-0.0	0.0	-0.0	-0.0	0.0	-0.0	0.0	-0.0	0.0	0.0	0.0	0.0	-0.0	0.0	0.0	-0.0	0.0	0.0	-0.0	-0.0	0.0	-0.0	-0.0	-0.0	-0.0	0.0	-0.0	0.0	0.0	0.0	-0.0	0.0	-0.0	-0.0	0.0	0.0	-0.0	-0.0	0.0	0.0	-0.0	-0.0	-0.0	-0.0	-0.0	0.0	-0.0	0.0	0.0	0.0	0.0	-0.0	-0.0	0.0	0.0	0.0	-0.0	0.0	0.0	0.0	0.0	0.0	0.0	0.0	0.0	-0.0	-0.0	0.0	0.0	-0.0	-0.0	-0.0	-0.0	-0.0	0.0	0.0	0.0	-0.0	0.0	-0.0	0.0	0.0	-0.0	0.0	0.0	-0.0	-0.0	0.0	-0.0	-0.0	-0.0	-0.0	0.0	0.0	0.0	-0.0	0.0	0.0	0.0	0.0	-0.0	0.0	-0.0	0.0	-0.0	-0.0	-0.0	0.0	-0.0	-0.0	0.0	0.0	-0.0
PFF_Baseline_25	-0.2764366259711191	1.990315996162941	0.05560163612807026	-0.0	-0.0	-0.0	0.0	0.0	-0.0	-0.0	-0.0	-0.0	-0.0	-0.0	0.0	0.0	-0.0	-0.0	-0.0	0.0	0.0	0.0	0.0	0.0	-0.0	0.0	0.0	0.0	0.0	0.0	-0.0	-0.0	0.0	0.0	-0.0	0.0	-0.0	-0.0	0.0	-0.0	0.0	0.0	-0.0	-0.0	0.0	0.0	0.0	-0.0	0.0	-0.0	-0.0	-0.0	0.0	0.0	0.0	-0.0	0.0	-0.0	0.0	0.0	-0.0	-0.0	-0.0	0.0	0.0	-0.0	-0.0	0.0	-0.0	-0.0	-0.0	0.0	0.0	-0.0	0.0	-0.0	0.0	0.0	0.0	-0.0	0.0	0.0	0.0	0.0	0.0	0.0	-0.0	-0.0	-0.0	-0.0	0.0	-0.0	0.0	0.0	0.0	-0.0	-0.0	0.0	-0.0	0.0	0.0	-0.0	-0.0	-0.0	0.0	-0.0	-0.0	0.0	-0.0	-0.0	0.0	-0.0	-0.0	-0.0	-0.0	-0.0	0.0	0.0	-0.0	-0.0	0.0	0.0	-0.0	0.0	0.0	0.0	0.0	-0.0	-0.0
PFF_Cecum_1910	0.20524243999095818	0.10604958965750545	0.12109797602194378	-0.0	-0.0	-0.0	0.0	0.0	0.0	0.0	0.0	0.0	-0.0	0.0	-0.0	0.0	-0.0	-0.0	-0.0	-0.0	-0.0	-0.0	-0.0	-0.0	-0.0	0.0	0.0	0.0	-0.0	0.0	0.0	0.0	-0.0	0.0	-0.0	0.0	0.0	0.0	-0.0	-0.0	-0.0	0.0	-0.0	-0.0	0.0	-0.0	-0.0	0.0	-0.0	-0.0	-0.0	0.0	-0.0	0.0	-0.0	0.0	0.0	-0.0	0.0	0.0	-0.0	-0.0	0.0	-0.0	0.0	0.0	0.0	0.0	0.0	-0.0	0.0	-0.0	-0.0	0.0	0.0	-0.0	0.0	-0.0	-0.0	0.0	-0.0	0.0	0.0	0.0	-0.0	-0.0	-0.0	-0.0	0.0	-0.0	-0.0	0.0	-0.0	0.0	0.0	-0.0	0.0	0.0	0.0	-0.0	0.0	-0.0	-0.0	-0.0	-0.0	0.0	-0.0	-0.0	-0.0	0.0	-0.0	-0.0	-0.0	-0.0	-0.0	-0.0	-0.0	0.0	0.0	-0.0	-0.0	0.0	-0.0	-0.0	0.0	0.0	0.0	0.0	0.0
PFF_Cecum_1913	0.5046364055723829	-1.261412032237631	-0.1818779718192971	0.0	-0.0	-0.0	0.0	-0.0	-0.0	0.0	0.0	-0.0	-0.0	0.0	0.0	-0.0	-0.0	0.0	-0.0	0.0	0.0	-0.0	-0.0	0.0	-0.0	0.0	-0.0	-0.0	0.0	0.0	-0.0	0.0	-0.0	-0.0	-0.0	0.0	0.0	0.0	-0.0	0.0	-0.0	-0.0	0.0	-0.0	0.0	0.0	0.0	0.0	0.0	-0.0	-0.0	0.0	-0.0	0.0	0.0	-0.0	-0.0	-0.0	0.0	-0.0	-0.0	0.0	-0.0	0.0	0.0	0.0	0.0	0.0	0.0	-0.0	-0.0	-0.0	0.0	0.0	-0.0	0.0	-0.0	0.0	0.0	0.0	0.0	0.0	-0.0	0.0	-0.0	-0.0	0.0	-0.0	0.0	-0.0	0.0	-0.0	0.0	0.0	-0.0	-0.0	-0.0	-0.0	-0.0	0.0	0.0	0.0	-0.0	0.0	0.0	0.0	-0.0	-0.0	0.0	-0.0	-0.0	-0.0	-0.0	0.0	0.0	-0.0	-0.0	-0.0	-0.0	-0.0	0.0	-0.0	0.0	0.0	0.0	-0.0	-0.0	0.0	-0.0
PFF_Baseline_1942	-0.21119178939033806	1.6997778040731013	-0.11500924028169941	-0.0	-0.0	0.0	-0.0	-0.0	0.0	0.0	0.0	-0.0	0.0	-0.0	0.0	-0.0	-0.0	-0.0	-0.0	-0.0	0.0	-0.0	-0.0	0.0	0.0	0.0	0.0	-0.0	0.0	0.0	-0.0	0.0	0.0	-0.0	0.0	-0.0	0.0	-0.0	-0.0	0.0	-0.0	0.0	0.0	-0.0	-0.0	0.0	0.0	0.0	0.0	0.0	-0.0	0.0	0.0	0.0	0.0	0.0	0.0	0.0	-0.0	0.0	-0.0	0.0	-0.0	-0.0	0.0	-0.0	0.0	0.0	0.0	-0.0	0.0	-0.0	0.0	-0.0	0.0	0.0	0.0	-0.0	0.0	0.0	-0.0	0.0	0.0	0.0	-0.0	0.0	-0.0	-0.0	-0.0	-0.0	-0.0	0.0	0.0	-0.0	-0.0	0.0	-0.0	-0.0	0.0	0.0	-0.0	0.0	-0.0	0.0	-0.0	-0.0	-0.0	-0.0	0.0	0.0	0.0	-0.0	0.0	0.0	0.0	0.0	-0.0	-0.0	-0.0	0.0	0.0	0.0	0.0	-0.0	-0.0	0.0	0.0	0.0	-0.0
PFF_Baseline_17	-0.7891164804093974	1.4416278502608832	-0.027191012850416245	0.0	0.0	0.0	-0.0	-0.0	0.0	-0.0	0.0	0.0	-0.0	-0.0	0.0	-0.0	0.0	-0.0	-0.0	0.0	-0.0	-0.0	0.0	-0.0	0.0	0.0	-0.0	-0.0	0.0	0.0	0.0	0.0	-0.0	0.0	0.0	0.0	0.0	-0.0	-0.0	0.0	0.0	0.0	0.0	0.0	-0.0	-0.0	0.0	0.0	0.0	-0.0	-0.0	0.0	0.0	-0.0	0.0	-0.0	0.0	-0.0	-0.0	0.0	-0.0	0.0	-0.0	0.0	0.0	0.0	-0.0	0.0	-0.0	-0.0	0.0	-0.0	0.0	-0.0	-0.0	0.0	-0.0	-0.0	-0.0	0.0	0.0	-0.0	0.0	0.0	-0.0	-0.0	0.0	-0.0	0.0	0.0	-0.0	-0.0	-0.0	0.0	0.0	-0.0	-0.0	-0.0	-0.0	-0.0	0.0	0.0	-0.0	-0.0	-0.0	-0.0	0.0	-0.0	0.0	-0.0	-0.0	0.0	-0.0	-0.0	-0.0	0.0	0.0	-0.0	-0.0	0.0	-0.0	-0.0	0.0	0.0	0.0	-0.0	0.0	-0.0	0.0
PFF_Colon_15	1.2422411531235538	-0.9171265492290085	0.04231572353048528	-0.0	0.0	-0.0	0.0	-0.0	0.0	-0.0	-0.0	0.0	-0.0	0.0	-0.0	0.0	0.0	-0.0	-0.0	0.0	-0.0	-0.0	-0.0	-0.0	0.0	0.0	-0.0	0.0	-0.0	-0.0	-0.0	0.0	0.0	-0.0	0.0	0.0	0.0	0.0	0.0	0.0	0.0	-0.0	-0.0	-0.0	0.0	0.0	-0.0	-0.0	0.0	-0.0	0.0	0.0	-0.0	0.0	0.0	0.0	0.0	0.0	0.0	-0.0	0.0	0.0	0.0	-0.0	0.0	-0.0	0.0	0.0	-0.0	0.0	-0.0	0.0	0.0	-0.0	0.0	-0.0	-0.0	0.0	0.0	0.0	0.0	0.0	0.0	0.0	-0.0	-0.0	-0.0	-0.0	-0.0	-0.0	-0.0	-0.0	0.0	0.0	-0.0	0.0	0.0	0.0	-0.0	0.0	-0.0	0.0	0.0	-0.0	-0.0	-0.0	-0.0	0.0	0.0	-0.0	0.0	0.0	0.0	0.0	-0.0	0.0	0.0	-0.0	-0.0	0.0	0.0	0.0	-0.0	0.0	0.0	-0.0	-0.0	0.0	0.0
PFF_Colon_1907	0.13746071470559737	0.5466683074881613	-0.1415596073520531	0.0	0.0	0.0	-0.0	0.0	0.0	-0.0	0.0	0.0	0.0	-0.0	-0.0	0.0	-0.0	-0.0	-0.0	-0.0	0.0	-0.0	0.0	0.0	0.0	-0.0	-0.0	-0.0	0.0	-0.0	-0.0	-0.0	0.0	-0.0	0.0	0.0	0.0	-0.0	0.0	-0.0	0.0	-0.0	-0.0	-0.0	-0.0	0.0	-0.0	0.0	-0.0	0.0	0.0	-0.0	-0.0	-0.0	-0.0	0.0	0.0	0.0	0.0	0.0	0.0	-0.0	-0.0	-0.0	-0.0	0.0	0.0	-0.0	-0.0	-0.0	0.0	-0.0	0.0	0.0	-0.0	0.0	-0.0	0.0	-0.0	0.0	-0.0	0.0	-0.0	0.0	-0.0	-0.0	-0.0	0.0	-0.0	-0.0	-0.0	-0.0	0.0	0.0	0.0	-0.0	0.0	-0.0	0.0	-0.0	0.0	-0.0	0.0	-0.0	-0.0	-0.0	0.0	0.0	-0.0	-0.0	-0.0	0.0	-0.0	-0.0	-0.0	-0.0	0.0	-0.0	-0.0	0.0	0.0	0.0	-0.0	0.0	-0.0	-0.0	0.0	0.0	-0.0
PFF_Cecum_1942	0.897671357923527	-1.1592855793618022	-0.0601629189159077	0.0	-0.0	0.0	-0.0	-0.0	0.0	-0.0	-0.0	0.0	-0.0	0.0	-0.0	0.0	0.0	0.0	-0.0	-0.0	0.0	0.0	-0.0	-0.0	-0.0	-0.0	0.0	-0.0	-0.0	0.0	0.0	-0.0	0.0	0.0	0.0	0.0	-0.0	-0.0	0.0	-0.0	0.0	0.0	-0.0	0.0	0.0	0.0	0.0	0.0	-0.0	0.0	0.0	0.0	0.0	-0.0	0.0	-0.0	-0.0	0.0	-0.0	0.0	-0.0	-0.0	0.0	0.0	0.0	0.0	0.0	0.0	0.0	-0.0	-0.0	-0.0	0.0	0.0	-0.0	0.0	-0.0	-0.0	-0.0	-0.0	-0.0	0.0	0.0	0.0	-0.0	0.0	0.0	0.0	-0.0	0.0	0.0	-0.0	0.0	-0.0	0.0	0.0	0.0	-0.0	-0.0	0.0	-0.0	-0.0	0.0	-0.0	-0.0	0.0	-0.0	-0.0	0.0	0.0	0.0	0.0	0.0	-0.0	0.0	-0.0	0.0	0.0	-0.0	0.0	0.0	-0.0	0.0	0.0	0.0	0.0	-0.0	-0.0	-0.0
PFF_Baseline_28	-0.6268692172566781	1.4530178055922676	-0.09837576864820703	-0.0	0.0	-0.0	0.0	0.0	0.0	0.0	-0.0	0.0	-0.0	-0.0	0.0	-0.0	-0.0	0.0	-0.0	-0.0	-0.0	0.0	0.0	-0.0	0.0	-0.0	0.0	-0.0	0.0	0.0	0.0	0.0	0.0	-0.0	0.0	0.0	-0.0	0.0	0.0	-0.0	-0.0	-0.0	0.0	0.0	-0.0	-0.0	-0.0	-0.0	0.0	0.0	0.0	0.0	0.0	0.0	0.0	-0.0	0.0	-0.0	0.0	0.0	-0.0	-0.0	0.0	0.0	-0.0	0.0	0.0	-0.0	0.0	0.0	0.0	0.0	-0.0	0.0	0.0	0.0	0.0	0.0	0.0	-0.0	0.0	0.0	-0.0	0.0	-0.0	-0.0	-0.0	0.0	0.0	-0.0	0.0	-0.0	0.0	-0.0	0.0	-0.0	-0.0	-0.0	0.0	-0.0	-0.0	0.0	0.0	0.0	-0.0	-0.0	-0.0	-0.0	-0.0	-0.0	0.0	0.0	0.0	0.0	0.0	-0.0	-0.0	-0.0	-0.0	0.0	-0.0	0.0	0.0	0.0	0.0	-0.0	0.0	0.0	-0.0
PFF_Jejunum_35	-2.2806033929511775	0.07950112544244728	0.2550424741117173	-0.0	0.0	-0.0	-0.0	0.0	0.0	-0.0	0.0	-0.0	-0.0	-0.0	-0.0	0.0	0.0	0.0	0.0	0.0	0.0	0.0	-0.0	-0.0	0.0	-0.0	0.0	-0.0	-0.0	0.0	-0.0	-0.0	-0.0	-0.0	0.0	-0.0	0.0	0.0	0.0	0.0	-0.0	0.0	0.0	-0.0	0.0	-0.0	-0.0	0.0	-0.0	-0.0	-0.0	0.0	-0.0	0.0	0.0	-0.0	-0.0	0.0	0.0	0.0	-0.0	-0.0	-0.0	-0.0	-0.0	0.0	0.0	-0.0	-0.0	-0.0	-0.0	-0.0	-0.0	-0.0	0.0	-0.0	0.0	0.0	-0.0	0.0	0.0	-0.0	-0.0	0.0	0.0	0.0	-0.0	-0.0	-0.0	-0.0	0.0	0.0	0.0	0.0	-0.0	0.0	-0.0	-0.0	0.0	-0.0	-0.0	0.0	0.0	0.0	-0.0	0.0	-0.0	0.0	0.0	-0.0	-0.0	-0.0	0.0	-0.0	-0.0	-0.0	0.0	-0.0	-0.0	0.0	-0.0	-0.0	0.0	-0.0	-0.0	0.0	0.0	-0.0	-0.0
PFF_Colon_27	1.048276073330646	-1.2802177353684185	-0.054767772227401694	0.0	-0.0	-0.0	-0.0	0.0	-0.0	-0.0	0.0	0.0	-0.0	0.0	-0.0	0.0	0.0	-0.0	-0.0	0.0	0.0	-0.0	0.0	-0.0	-0.0	0.0	0.0	-0.0	-0.0	-0.0	0.0	0.0	0.0	-0.0	0.0	0.0	-0.0	-0.0	0.0	-0.0	-0.0	0.0	-0.0	-0.0	-0.0	0.0	0.0	0.0	0.0	-0.0	-0.0	-0.0	-0.0	0.0	0.0	-0.0	-0.0	-0.0	0.0	0.0	0.0	0.0	-0.0	0.0	-0.0	0.0	-0.0	0.0	-0.0	0.0	0.0	0.0	0.0	0.0	0.0	0.0	-0.0	0.0	-0.0	-0.0	0.0	-0.0	-0.0	-0.0	0.0	0.0	-0.0	0.0	0.0	0.0	-0.0	0.0	-0.0	-0.0	-0.0	-0.0	0.0	-0.0	-0.0	-0.0	0.0	0.0	-0.0	-0.0	0.0	-0.0	-0.0	0.0	-0.0	0.0	-0.0	-0.0	-0.0	0.0	0.0	0.0	-0.0	0.0	-0.0	-0.0	-0.0	0.0	0.0	-0.0	-0.0	-0.0	-0.0	-0.0	0.0
PFF_Cecum_19	0.21742755633008168	-0.21221559752058378	-0.09161397723900655	0.0	0.0	-0.0	0.0	-0.0	0.0	0.0	-0.0	-0.0	0.0	0.0	-0.0	-0.0	0.0	-0.0	-0.0	0.0	-0.0	0.0	-0.0	0.0	-0.0	0.0	0.0	0.0	-0.0	-0.0	0.0	0.0	-0.0	0.0	-0.0	0.0	0.0	-0.0	-0.0	0.0	-0.0	-0.0	-0.0	-0.0	0.0	-0.0	0.0	-0.0	0.0	0.0	0.0	0.0	0.0	0.0	0.0	0.0	0.0	0.0	0.0	0.0	-0.0	-0.0	0.0	0.0	-0.0	-0.0	-0.0	-0.0	0.0	-0.0	0.0	-0.0	-0.0	0.0	0.0	-0.0	-0.0	0.0	-0.0	0.0	-0.0	-0.0	-0.0	-0.0	-0.0	-0.0	0.0	-0.0	0.0	-0.0	0.0	-0.0	-0.0	0.0	0.0	-0.0	0.0	-0.0	0.0	0.0	0.0	-0.0	-0.0	-0.0	-0.0	-0.0	0.0	0.0	-0.0	-0.0	-0.0	0.0	-0.0	-0.0	-0.0	0.0	0.0	0.0	-0.0	-0.0	0.0	-0.0	-0.0	-0.0	-0.0	-0.0	-0.0	0.0	-0.0
PFF_Colon_1938	0.6122666398990894	0.7307951114623309	0.079260052290094	-0.0	-0.0	-0.0	-0.0	-0.0	0.0	-0.0	0.0	0.0	0.0	-0.0	0.0	-0.0	0.0	0.0	-0.0	-0.0	0.0	-0.0	-0.0	-0.0	0.0	0.0	0.0	-0.0	0.0	-0.0	0.0	0.0	0.0	0.0	0.0	0.0	0.0	0.0	0.0	0.0	0.0	0.0	-0.0	-0.0	-0.0	0.0	-0.0	-0.0	0.0	0.0	0.0	0.0	-0.0	0.0	-0.0	0.0	0.0	0.0	-0.0	-0.0	0.0	-0.0	0.0	0.0	-0.0	0.0	-0.0	0.0	-0.0	-0.0	-0.0	-0.0	-0.0	0.0	0.0	-0.0	-0.0	-0.0	-0.0	0.0	0.0	-0.0	-0.0	0.0	0.0	-0.0	-0.0	-0.0	0.0	-0.0	-0.0	-0.0	-0.0	0.0	0.0	0.0	0.0	0.0	-0.0	-0.0	-0.0	0.0	0.0	0.0	-0.0	0.0	-0.0	0.0	-0.0	-0.0	-0.0	0.0	0.0	0.0	0.0	-0.0	-0.0	0.0	-0.0	-0.0	0.0	0.0	-0.0	-0.0	0.0	0.0	-0.0	-0.0	0.0
PFF_Jejunum_1921	-2.3850446977282846	0.2911477337396241	0.5528834296678513	-0.0	0.0	-0.0	-0.0	-0.0	-0.0	-0.0	-0.0	0.0	-0.0	0.0	-0.0	-0.0	0.0	0.0	0.0	0.0	-0.0	-0.0	-0.0	0.0	0.0	0.0	0.0	-0.0	-0.0	-0.0	-0.0	0.0	-0.0	0.0	-0.0	-0.0	-0.0	0.0	0.0	-0.0	0.0	0.0	-0.0	0.0	-0.0	-0.0	0.0	0.0	0.0	-0.0	0.0	0.0	-0.0	0.0	0.0	0.0	-0.0	-0.0	-0.0	0.0	-0.0	0.0	0.0	-0.0	-0.0	0.0	-0.0	0.0	-0.0	-0.0	-0.0	-0.0	0.0	-0.0	0.0	0.0	-0.0	0.0	0.0	-0.0	-0.0	0.0	-0.0	-0.0	-0.0	0.0	-0.0	-0.0	-0.0	0.0	-0.0	-0.0	-0.0	-0.0	-0.0	0.0	-0.0	-0.0	0.0	-0.0	-0.0	-0.0	0.0	-0.0	-0.0	-0.0	0.0	0.0	-0.0	0.0	0.0	-0.0	0.0	-0.0	0.0	-0.0	-0.0	-0.0	0.0	-0.0	0.0	-0.0	-0.0	0.0	-0.0	0.0	-0.0	0.0	0.0
PFF_Baseline_11	1.2522792319850853	0.7583193980378398	-0.05542338776744722	-0.0	-0.0	0.0	-0.0	-0.0	-0.0	-0.0	-0.0	0.0	-0.0	0.0	0.0	0.0	0.0	0.0	0.0	0.0	-0.0	0.0	-0.0	-0.0	-0.0	-0.0	-0.0	-0.0	-0.0	0.0	-0.0	-0.0	-0.0	-0.0	-0.0	0.0	0.0	0.0	0.0	0.0	0.0	0.0	-0.0	0.0	0.0	-0.0	0.0	-0.0	0.0	-0.0	-0.0	0.0	0.0	0.0	-0.0	0.0	-0.0	-0.0	0.0	0.0	0.0	-0.0	0.0	-0.0	0.0	-0.0	-0.0	-0.0	-0.0	0.0	0.0	0.0	-0.0	-0.0	-0.0	-0.0	-0.0	-0.0	0.0	-0.0	-0.0	0.0	-0.0	-0.0	-0.0	-0.0	-0.0	-0.0	0.0	-0.0	0.0	0.0	0.0	-0.0	-0.0	-0.0	0.0	-0.0	-0.0	0.0	0.0	0.0	0.0	0.0	0.0	-0.0	-0.0	-0.0	0.0	0.0	-0.0	-0.0	-0.0	-0.0	-0.0	0.0	-0.0	-0.0	-0.0	0.0	-0.0	-0.0	0.0	0.0	0.0	0.0	0.0	-0.0	-0.0
PFF_Colon_19	0.40537395860082065	-0.10597704754703906	-0.11357059670840873	-0.0	0.0	-0.0	-0.0	0.0	-0.0	0.0	0.0	0.0	-0.0	0.0	0.0	-0.0	-0.0	-0.0	0.0	0.0	-0.0	0.0	0.0	0.0	0.0	0.0	0.0	-0.0	-0.0	-0.0	-0.0	0.0	0.0	0.0	-0.0	-0.0	0.0	-0.0	0.0	-0.0	0.0	0.0	-0.0	-0.0	-0.0	0.0	-0.0	-0.0	0.0	-0.0	-0.0	0.0	0.0	0.0	-0.0	-0.0	0.0	0.0	-0.0	-0.0	-0.0	0.0	-0.0	-0.0	0.0	0.0	0.0	0.0	-0.0	0.0	0.0	0.0	0.0	0.0	-0.0	0.0	-0.0	-0.0	-0.0	-0.0	0.0	-0.0	-0.0	-0.0	0.0	-0.0	0.0	-0.0	0.0	-0.0	-0.0	-0.0	0.0	0.0	0.0	0.0	-0.0	-0.0	0.0	-0.0	0.0	0.0	0.0	0.0	0.0	0.0	0.0	-0.0	0.0	0.0	-0.0	0.0	0.0	-0.0	0.0	0.0	-0.0	-0.0	0.0	-0.0	0.0	0.0	0.0	-0.0	0.0	-0.0	-0.0	-0.0	-0.0
PFF_Baseline_30	1.1816424714102356	1.462039498197958	0.24603491584275497	-0.0	-0.0	0.0	-0.0	0.0	-0.0	-0.0	0.0	-0.0	0.0	0.0	-0.0	-0.0	0.0	0.0	-0.0	0.0	0.0	0.0	-0.0	-0.0	-0.0	-0.0	-0.0	-0.0	0.0	0.0	0.0	0.0	0.0	0.0	-0.0	-0.0	0.0	-0.0	0.0	-0.0	-0.0	0.0	0.0	-0.0	-0.0	-0.0	0.0	-0.0	0.0	0.0	0.0	-0.0	0.0	-0.0	-0.0	-0.0	-0.0	-0.0	-0.0	-0.0	-0.0	0.0	0.0	-0.0	0.0	0.0	0.0	-0.0	0.0	0.0	-0.0	-0.0	0.0	-0.0	-0.0	0.0	-0.0	0.0	-0.0	-0.0	0.0	-0.0	0.0	-0.0	0.0	-0.0	-0.0	-0.0	0.0	-0.0	0.0	0.0	0.0	0.0	0.0	0.0	-0.0	0.0	0.0	0.0	0.0	0.0	-0.0	-0.0	-0.0	0.0	0.0	-0.0	0.0	-0.0	-0.0	-0.0	0.0	0.0	-0.0	-0.0	0.0	-0.0	0.0	0.0	-0.0	0.0	-0.0	-0.0	-0.0	0.0	0.0	0.0	-0.0
PFF_Colon_1913	-0.15263949942277108	-0.29381708013494323	0.013328912958730591	0.0	-0.0	-0.0	-0.0	0.0	0.0	0.0	-0.0	-0.0	-0.0	-0.0	0.0	-0.0	-0.0	-0.0	0.0	0.0	0.0	0.0	-0.0	-0.0	-0.0	-0.0	0.0	0.0	0.0	0.0	-0.0	-0.0	-0.0	-0.0	0.0	0.0	-0.0	0.0	-0.0	-0.0	-0.0	0.0	0.0	0.0	-0.0	0.0	-0.0	0.0	0.0	-0.0	-0.0	0.0	-0.0	0.0	-0.0	0.0	-0.0	0.0	0.0	-0.0	0.0	0.0	0.0	-0.0	0.0	0.0	-0.0	0.0	-0.0	-0.0	-0.0	0.0	0.0	0.0	-0.0	-0.0	0.0	0.0	-0.0	0.0	-0.0	-0.0	-0.0	-0.0	-0.0	0.0	-0.0	-0.0	0.0	0.0	0.0	0.0	-0.0	0.0	0.0	-0.0	0.0	-0.0	0.0	-0.0	-0.0	-0.0	-0.0	-0.0	0.0	-0.0	-0.0	-0.0	-0.0	-0.0	0.0	-0.0	0.0	0.0	-0.0	0.0	0.0	0.0	0.0	0.0	0.0	-0.0	0.0	-0.0	0.0	0.0	0.0	0.0	-0.0
PFF_Baseline_18	-0.13668552835273698	1.9153953524498004	-0.1474969113051193	0.0	0.0	0.0	-0.0	0.0	0.0	0.0	-0.0	0.0	0.0	-0.0	-0.0	-0.0	-0.0	-0.0	-0.0	0.0	0.0	0.0	-0.0	0.0	-0.0	-0.0	-0.0	-0.0	-0.0	0.0	-0.0	-0.0	-0.0	-0.0	-0.0	-0.0	0.0	0.0	0.0	-0.0	-0.0	0.0	-0.0	0.0	-0.0	-0.0	-0.0	0.0	-0.0	-0.0	0.0	-0.0	-0.0	0.0	0.0	-0.0	-0.0	-0.0	-0.0	0.0	-0.0	-0.0	0.0	-0.0	-0.0	-0.0	-0.0	0.0	0.0	-0.0	0.0	0.0	-0.0	0.0	-0.0	-0.0	-0.0	-0.0	0.0	-0.0	0.0	0.0	-0.0	0.0	-0.0	-0.0	0.0	-0.0	-0.0	-0.0	0.0	0.0	-0.0	0.0	-0.0	-0.0	0.0	0.0	-0.0	0.0	0.0	0.0	0.0	-0.0	-0.0	0.0	-0.0	-0.0	0.0	-0.0	-0.0	-0.0	-0.0	-0.0	0.0	-0.0	0.0	-0.0	0.0	-0.0	0.0	0.0	0.0	0.0	-0.0	-0.0	-0.0	-0.0	0.0
PFF_Baseline_35	0.5855535504486052	1.7081221549960137	0.04254848808071923	-0.0	-0.0	-0.0	0.0	-0.0	0.0	-0.0	-0.0	0.0	-0.0	0.0	-0.0	-0.0	-0.0	-0.0	-0.0	0.0	-0.0	0.0	0.0	-0.0	0.0	0.0	-0.0	-0.0	-0.0	-0.0	-0.0	0.0	0.0	-0.0	-0.0	0.0	0.0	0.0	-0.0	0.0	0.0	-0.0	-0.0	0.0	-0.0	-0.0	-0.0	-0.0	0.0	0.0	-0.0	0.0	0.0	0.0	-0.0	-0.0	-0.0	0.0	-0.0	-0.0	-0.0	0.0	-0.0	-0.0	-0.0	-0.0	0.0	0.0	0.0	-0.0	0.0	-0.0	-0.0	-0.0	0.0	0.0	0.0	0.0	-0.0	-0.0	-0.0	0.0	-0.0	0.0	-0.0	-0.0	-0.0	0.0	-0.0	0.0	-0.0	-0.0	0.0	-0.0	0.0	-0.0	0.0	-0.0	0.0	-0.0	0.0	0.0	0.0	0.0	0.0	-0.0	0.0	0.0	-0.0	-0.0	0.0	-0.0	0.0	0.0	-0.0	-0.0	0.0	0.0	0.0	0.0	-0.0	-0.0	0.0	-0.0	0.0	0.0	-0.0	0.0	-0.0
PFF_Colon_1906	0.9685921653344635	-0.20464920837096134	0.14851577798983315	-0.0	0.0	-0.0	-0.0	0.0	0.0	0.0	-0.0	0.0	-0.0	-0.0	-0.0	0.0	0.0	-0.0	-0.0	-0.0	-0.0	-0.0	-0.0	0.0	-0.0	-0.0	0.0	0.0	-0.0	-0.0	0.0	0.0	-0.0	-0.0	-0.0	0.0	0.0	0.0	-0.0	0.0	-0.0	-0.0	-0.0	0.0	-0.0	-0.0	-0.0	-0.0	-0.0	-0.0	0.0	0.0	-0.0	-0.0	-0.0	0.0	0.0	-0.0	0.0	0.0	-0.0	-0.0	0.0	0.0	0.0	-0.0	0.0	0.0	-0.0	0.0	-0.0	-0.0	0.0	-0.0	-0.0	-0.0	0.0	-0.0	-0.0	-0.0	-0.0	-0.0	0.0	0.0	0.0	-0.0	0.0	0.0	0.0	-0.0	0.0	0.0	0.0	0.0	0.0	0.0	0.0	-0.0	-0.0	0.0	-0.0	0.0	0.0	0.0	0.0	0.0	-0.0	0.0	0.0	-0.0	-0.0	-0.0	-0.0	0.0	0.0	0.0	0.0	-0.0	-0.0	-0.0	0.0	-0.0	-0.0	0.0	-0.0	0.0	-0.0	0.0	-0.0
PFF_Colon_16	0.5247780314118367	-0.24343873328524812	-0.0113437090327157	0.0	-0.0	0.0	-0.0	0.0	-0.0	-0.0	0.0	-0.0	-0.0	-0.0	-0.0	0.0	-0.0	0.0	-0.0	0.0	-0.0	0.0	0.0	-0.0	-0.0	-0.0	0.0	-0.0	-0.0	0.0	0.0	0.0	-0.0	0.0	-0.0	0.0	-0.0	0.0	-0.0	-0.0	0.0	-0.0	0.0	-0.0	0.0	0.0	0.0	-0.0	-0.0	-0.0	0.0	-0.0	0.0	0.0	-0.0	0.0	0.0	0.0	-0.0	-0.0	-0.0	0.0	0.0	0.0	0.0	0.0	-0.0	0.0	-0.0	-0.0	-0.0	0.0	0.0	-0.0	-0.0	-0.0	0.0	-0.0	0.0	-0.0	0.0	0.0	0.0	0.0	-0.0	-0.0	0.0	-0.0	0.0	-0.0	0.0	0.0	0.0	-0.0	0.0	-0.0	-0.0	-0.0	0.0	0.0	0.0	-0.0	0.0	0.0	0.0	-0.0	-0.0	0.0	-0.0	0.0	0.0	-0.0	0.0	0.0	-0.0	-0.0	-0.0	-0.0	0.0	-0.0	0.0	0.0	0.0	0.0	0.0	-0.0	0.0	-0.0	-0.0
PFF_Colon_1904	0.5696534990869837	0.1698190568052359	-0.10222008766652439	-0.0	0.0	0.0	0.0	0.0	-0.0	-0.0	0.0	0.0	0.0	-0.0	-0.0	0.0	0.0	0.0	-0.0	-0.0	-0.0	-0.0	0.0	0.0	0.0	0.0	0.0	-0.0	0.0	0.0	-0.0	0.0	-0.0	-0.0	-0.0	0.0	-0.0	0.0	-0.0	-0.0	0.0	0.0	-0.0	-0.0	-0.0	0.0	-0.0	0.0	-0.0	-0.0	-0.0	0.0	0.0	0.0	-0.0	0.0	-0.0	-0.0	0.0	0.0	-0.0	0.0	0.0	-0.0	0.0	-0.0	-0.0	0.0	0.0	0.0	-0.0	0.0	-0.0	0.0	0.0	0.0	-0.0	0.0	-0.0	0.0	0.0	0.0	-0.0	-0.0	0.0	-0.0	-0.0	-0.0	-0.0	-0.0	0.0	0.0	0.0	0.0	-0.0	-0.0	0.0	-0.0	0.0	-0.0	0.0	-0.0	0.0	-0.0	-0.0	0.0	0.0	-0.0	0.0	-0.0	0.0	-0.0	-0.0	0.0	0.0	0.0	-0.0	-0.0	0.0	-0.0	0.0	0.0	-0.0	0.0	0.0	0.0	-0.0	-0.0	-0.0
PFF_Jejunum_30	-0.5197778801852753	-1.1904537550583407	-0.0029727559860705114	-0.0	-0.0	0.0	0.0	0.0	-0.0	0.0	0.0	-0.0	0.0	-0.0	0.0	0.0	-0.0	0.0	0.0	-0.0	-0.0	0.0	-0.0	0.0	-0.0	-0.0	0.0	-0.0	-0.0	-0.0	0.0	0.0	0.0	-0.0	0.0	0.0	0.0	0.0	-0.0	0.0	-0.0	-0.0	0.0	-0.0	0.0	0.0	0.0	0.0	-0.0	-0.0	-0.0	-0.0	0.0	0.0	0.0	0.0	0.0	-0.0	-0.0	-0.0	0.0	0.0	0.0	-0.0	-0.0	0.0	0.0	0.0	-0.0	0.0	-0.0	0.0	0.0	0.0	-0.0	-0.0	0.0	-0.0	0.0	0.0	0.0	-0.0	0.0	0.0	0.0	0.0	-0.0	-0.0	-0.0	0.0	0.0	-0.0	0.0	-0.0	-0.0	-0.0	0.0	0.0	-0.0	-0.0	0.0	-0.0	-0.0	-0.0	0.0	0.0	-0.0	-0.0	-0.0	0.0	0.0	-0.0	-0.0	0.0	-0.0	-0.0	0.0	-0.0	-0.0	0.0	-0.0	-0.0	0.0	-0.0	-0.0	0.0	-0.0	-0.0	-0.0
PFF_Jejunum_1908	-2.1285451521463563	-0.150634597065779	0.0038861089091588867	-0.0	-0.0	-0.0	0.0	0.0	-0.0	-0.0	-0.0	0.0	0.0	0.0	0.0	-0.0	0.0	0.0	-0.0	-0.0	-0.0	0.0	-0.0	0.0	-0.0	-0.0	-0.0	0.0	0.0	-0.0	0.0	0.0	-0.0	-0.0	0.0	-0.0	-0.0	-0.0	-0.0	-0.0	-0.0	-0.0	-0.0	-0.0	0.0	0.0	0.0	0.0	0.0	0.0	-0.0	-0.0	0.0	-0.0	0.0	-0.0	-0.0	-0.0	0.0	0.0	-0.0	-0.0	0.0	-0.0	0.0	-0.0	0.0	0.0	-0.0	-0.0	0.0	0.0	-0.0	0.0	-0.0	-0.0	0.0	-0.0	0.0	0.0	0.0	-0.0	0.0	0.0	-0.0	-0.0	0.0	0.0	-0.0	-0.0	-0.0	0.0	0.0	0.0	0.0	0.0	0.0	-0.0	0.0	0.0	0.0	0.0	-0.0	0.0	-0.0	0.0	-0.0	0.0	-0.0	-0.0	-0.0	0.0	0.0	-0.0	0.0	0.0	-0.0	0.0	-0.0	0.0	-0.0	0.0	-0.0	0.0	0.0	-0.0	0.0	0.0	-0.0
PFF_Cecum_1907	0.7679561715087873	-0.058667856794535386	-0.0034840508131253793	-0.0	-0.0	0.0	-0.0	0.0	-0.0	0.0	0.0	0.0	0.0	-0.0	0.0	0.0	-0.0	0.0	0.0	0.0	-0.0	0.0	0.0	-0.0	0.0	0.0	0.0	0.0	0.0	0.0	-0.0	0.0	0.0	0.0	-0.0	-0.0	-0.0	-0.0	0.0	0.0	0.0	0.0	0.0	0.0	-0.0	0.0	0.0	0.0	0.0	0.0	0.0	-0.0	-0.0	-0.0	0.0	0.0	-0.0	0.0	0.0	0.0	-0.0	-0.0	0.0	-0.0	-0.0	0.0	-0.0	-0.0	0.0	0.0	-0.0	-0.0	0.0	-0.0	0.0	0.0	0.0	0.0	-0.0	0.0	0.0	0.0	-0.0	0.0	0.0	-0.0	0.0	0.0	0.0	0.0	0.0	-0.0	-0.0	0.0	0.0	-0.0	-0.0	0.0	-0.0	0.0	-0.0	0.0	-0.0	-0.0	-0.0	-0.0	0.0	0.0	0.0	-0.0	0.0	-0.0	-0.0	-0.0	-0.0	0.0	0.0	-0.0	0.0	-0.0	-0.0	-0.0	0.0	0.0	-0.0	-0.0	-0.0	0.0	0.0
PFF_Colon_37	0.2764499018824867	-0.0030675426987451346	-0.01974296941107521	-0.0	0.0	-0.0	-0.0	0.0	0.0	-0.0	-0.0	0.0	-0.0	0.0	0.0	0.0	-0.0	-0.0	0.0	0.0	-0.0	-0.0	-0.0	0.0	-0.0	-0.0	0.0	0.0	0.0	-0.0	0.0	-0.0	-0.0	0.0	-0.0	-0.0	-0.0	0.0	-0.0	0.0	-0.0	-0.0	0.0	-0.0	0.0	0.0	-0.0	-0.0	0.0	0.0	-0.0	-0.0	0.0	0.0	0.0	0.0	0.0	0.0	0.0	0.0	0.0	0.0	0.0	0.0	-0.0	0.0	0.0	-0.0	0.0	-0.0	-0.0	-0.0	-0.0	-0.0	0.0	-0.0	-0.0	0.0	0.0	0.0	-0.0	0.0	0.0	-0.0	-0.0	-0.0	-0.0	-0.0	-0.0	-0.0	0.0	-0.0	0.0	-0.0	0.0	-0.0	0.0	-0.0	-0.0	0.0	0.0	0.0	0.0	0.0	-0.0	-0.0	-0.0	0.0	0.0	0.0	0.0	0.0	-0.0	0.0	-0.0	-0.0	0.0	0.0	-0.0	-0.0	-0.0	0.0	-0.0	-0.0	-0.0	-0.0	0.0	-0.0	-0.0
PFF_Cecum_25	0.9302873228132309	-0.20083526378719874	0.13043608266080095	0.0	-0.0	0.0	0.0	0.0	0.0	0.0	-0.0	0.0	-0.0	-0.0	-0.0	-0.0	-0.0	-0.0	-0.0	-0.0	-0.0	-0.0	0.0	0.0	-0.0	-0.0	-0.0	-0.0	0.0	0.0	0.0	-0.0	-0.0	0.0	-0.0	-0.0	0.0	0.0	0.0	-0.0	0.0	-0.0	-0.0	-0.0	0.0	-0.0	0.0	0.0	-0.0	0.0	-0.0	0.0	0.0	-0.0	0.0	-0.0	0.0	-0.0	0.0	-0.0	0.0	-0.0	0.0	0.0	0.0	-0.0	-0.0	0.0	-0.0	-0.0	-0.0	0.0	0.0	0.0	0.0	0.0	0.0	0.0	0.0	-0.0	-0.0	-0.0	-0.0	-0.0	-0.0	-0.0	-0.0	-0.0	0.0	0.0	0.0	0.0	0.0	0.0	0.0	-0.0	0.0	0.0	-0.0	0.0	-0.0	0.0	-0.0	0.0	-0.0	-0.0	0.0	0.0	-0.0	0.0	0.0	0.0	0.0	-0.0	-0.0	-0.0	-0.0	-0.0	0.0	-0.0	-0.0	-0.0	0.0	-0.0	-0.0	-0.0	-0.0	0.0	0.0
PFF_Cecum_1906	1.5651622634533215	-0.527659596388886	0.09283687577209199	-0.0	0.0	-0.0	0.0	-0.0	0.0	-0.0	0.0	0.0	0.0	0.0	-0.0	-0.0	0.0	0.0	-0.0	-0.0	0.0	0.0	-0.0	-0.0	-0.0	-0.0	-0.0	0.0	-0.0	-0.0	-0.0	0.0	0.0	-0.0	-0.0	-0.0	-0.0	0.0	0.0	0.0	-0.0	0.0	-0.0	0.0	-0.0	-0.0	0.0	0.0	-0.0	-0.0	-0.0	-0.0	-0.0	-0.0	-0.0	0.0	0.0	0.0	-0.0	0.0	0.0	0.0	-0.0	0.0	-0.0	-0.0	-0.0	-0.0	-0.0	0.0	0.0	-0.0	-0.0	0.0	0.0	0.0	0.0	0.0	0.0	0.0	-0.0	-0.0	0.0	0.0	0.0	-0.0	-0.0	-0.0	-0.0	-0.0	-0.0	-0.0	-0.0	0.0	0.0	-0.0	0.0	-0.0	0.0	0.0	0.0	0.0	0.0	0.0	-0.0	-0.0	-0.0	0.0	-0.0	0.0	-0.0	0.0	-0.0	-0.0	0.0	0.0	0.0	0.0	0.0	0.0	0.0	0.0	-0.0	0.0	-0.0	-0.0	0.0	-0.0	0.0
PFF_Colon_1908	0.13687083667848038	0.43181158462427655	-0.08403889884732205	-0.0	0.0	-0.0	0.0	-0.0	0.0	0.0	0.0	0.0	-0.0	-0.0	0.0	0.0	-0.0	-0.0	0.0	0.0	-0.0	0.0	-0.0	-0.0	0.0	-0.0	-0.0	0.0	-0.0	-0.0	-0.0	-0.0	0.0	0.0	0.0	0.0	0.0	0.0	-0.0	-0.0	0.0	-0.0	0.0	0.0	-0.0	-0.0	-0.0	0.0	0.0	0.0	0.0	-0.0	0.0	-0.0	0.0	-0.0	0.0	-0.0	0.0	-0.0	-0.0	0.0	-0.0	-0.0	0.0	-0.0	-0.0	0.0	-0.0	0.0	-0.0	0.0	0.0	0.0	0.0	-0.0	0.0	0.0	0.0	-0.0	-0.0	0.0	0.0	-0.0	0.0	0.0	-0.0	0.0	-0.0	0.0	0.0	0.0	0.0	-0.0	-0.0	-0.0	-0.0	-0.0	0.0	0.0	-0.0	-0.0	-0.0	-0.0	0.0	0.0	0.0	-0.0	0.0	0.0	-0.0	-0.0	-0.0	0.0	0.0	0.0	-0.0	0.0	0.0	-0.0	-0.0	-0.0	0.0	0.0	-0.0	-0.0	0.0	-0.0	-0.0
PFF_Cecum_36	0.034207306218324324	-1.0899971268865494	-0.07493547291100831	-0.0	-0.0	-0.0	0.0	0.0	-0.0	-0.0	-0.0	-0.0	-0.0	-0.0	-0.0	0.0	-0.0	-0.0	0.0	-0.0	0.0	-0.0	0.0	0.0	-0.0	0.0	-0.0	0.0	0.0	0.0	0.0	0.0	-0.0	0.0	-0.0	-0.0	0.0	-0.0	0.0	0.0	0.0	0.0	-0.0	-0.0	-0.0	-0.0	0.0	-0.0	-0.0	-0.0	0.0	-0.0	-0.0	-0.0	0.0	-0.0	0.0	0.0	-0.0	0.0	-0.0	0.0	0.0	0.0	0.0	0.0	-0.0	0.0	-0.0	-0.0	0.0	-0.0	0.0	0.0	0.0	0.0	-0.0	0.0	-0.0	0.0	-0.0	-0.0	-0.0	-0.0	-0.0	-0.0	0.0	-0.0	-0.0	-0.0	0.0	-0.0	0.0	-0.0	-0.0	-0.0	-0.0	0.0	0.0	-0.0	0.0	0.0	-0.0	0.0	0.0	0.0	-0.0	-0.0	0.0	0.0	0.0	0.0	0.0	0.0	0.0	0.0	0.0	0.0	-0.0	0.0	-0.0	0.0	-0.0	-0.0	0.0	0.0	-0.0	0.0	-0.0
PFF_Baseline_16	0.46217385370799113	1.623034368983695	0.05162669504535362	-0.0	0.0	-0.0	-0.0	0.0	-0.0	-0.0	0.0	-0.0	-0.0	-0.0	-0.0	0.0	0.0	-0.0	-0.0	-0.0	0.0	0.0	0.0	0.0	0.0	-0.0	-0.0	0.0	0.0	0.0	0.0	0.0	0.0	-0.0	0.0	0.0	-0.0	0.0	-0.0	0.0	0.0	-0.0	0.0	0.0	-0.0	0.0	-0.0	-0.0	-0.0	-0.0	-0.0	0.0	-0.0	0.0	0.0	-0.0	-0.0	0.0	0.0	-0.0	0.0	-0.0	0.0	0.0	0.0	0.0	-0.0	-0.0	0.0	-0.0	-0.0	0.0	0.0	0.0	-0.0	-0.0	0.0	0.0	0.0	-0.0	0.0	-0.0	0.0	0.0	-0.0	-0.0	0.0	-0.0	-0.0	-0.0	0.0	0.0	-0.0	0.0	-0.0	0.0	0.0	-0.0	0.0	0.0	0.0	-0.0	0.0	0.0	0.0	-0.0	0.0	0.0	0.0	0.0	-0.0	-0.0	0.0	-0.0	0.0	0.0	0.0	-0.0	0.0	0.0	-0.0	0.0	0.0	0.0	0.0	0.0	-0.0	0.0	0.0
PFF_Cecum_27	0.9962287672009456	-1.4182338086009127	-0.039166943733226316	-0.0	-0.0	-0.0	-0.0	0.0	0.0	-0.0	0.0	-0.0	0.0	0.0	0.0	0.0	-0.0	-0.0	-0.0	-0.0	-0.0	0.0	0.0	-0.0	-0.0	-0.0	-0.0	0.0	-0.0	-0.0	0.0	-0.0	-0.0	0.0	0.0	-0.0	-0.0	0.0	-0.0	-0.0	0.0	0.0	0.0	-0.0	-0.0	-0.0	-0.0	0.0	0.0	-0.0	-0.0	-0.0	0.0	0.0	-0.0	-0.0	-0.0	0.0	-0.0	0.0	0.0	-0.0	0.0	-0.0	-0.0	-0.0	0.0	0.0	-0.0	0.0	-0.0	0.0	0.0	-0.0	0.0	0.0	0.0	0.0	0.0	-0.0	0.0	-0.0	0.0	0.0	-0.0	-0.0	0.0	-0.0	0.0	-0.0	0.0	0.0	-0.0	0.0	-0.0	-0.0	-0.0	-0.0	-0.0	-0.0	0.0	-0.0	-0.0	-0.0	0.0	0.0	-0.0	-0.0	0.0	-0.0	0.0	0.0	-0.0	0.0	-0.0	0.0	-0.0	-0.0	0.0	0.0	0.0	0.0	0.0	0.0	0.0	0.0	-0.0	-0.0	0.0
PFF_Cecum_1944	1.3448549253731947	-1.487564804522426	0.03786701597140555	-0.0	-0.0	0.0	-0.0	0.0	-0.0	0.0	0.0	-0.0	0.0	0.0	-0.0	-0.0	-0.0	-0.0	0.0	-0.0	-0.0	-0.0	0.0	-0.0	-0.0	0.0	-0.0	0.0	0.0	0.0	0.0	0.0	0.0	-0.0	0.0	-0.0	0.0	0.0	0.0	-0.0	-0.0	-0.0	0.0	0.0	0.0	0.0	-0.0	0.0	-0.0	0.0	-0.0	-0.0	0.0	0.0	0.0	-0.0	-0.0	-0.0	0.0	0.0	-0.0	-0.0	-0.0	-0.0	-0.0	-0.0	-0.0	-0.0	-0.0	0.0	0.0	-0.0	0.0	-0.0	-0.0	0.0	0.0	0.0	0.0	0.0	-0.0	-0.0	0.0	-0.0	-0.0	0.0	-0.0	0.0	-0.0	-0.0	0.0	-0.0	0.0	-0.0	0.0	0.0	0.0	-0.0	0.0	-0.0	0.0	0.0	0.0	-0.0	-0.0	-0.0	-0.0	-0.0	0.0	0.0	-0.0	0.0	0.0	-0.0	0.0	-0.0	-0.0	-0.0	-0.0	-0.0	-0.0	-0.0	-0.0	-0.0	0.0	-0.0	0.0	-0.0	-0.0
PFF_Colon_35	0.695468732897131	-0.07729437144123953	-0.03871418641221135	0.0	0.0	0.0	0.0	0.0	0.0	-0.0	0.0	0.0	0.0	-0.0	-0.0	-0.0	-0.0	-0.0	0.0	-0.0	-0.0	-0.0	0.0	-0.0	0.0	0.0	-0.0	-0.0	-0.0	0.0	0.0	-0.0	-0.0	0.0	0.0	-0.0	0.0	0.0	0.0	0.0	0.0	-0.0	0.0	-0.0	0.0	-0.0	0.0	0.0	0.0	0.0	-0.0	-0.0	-0.0	-0.0	0.0	-0.0	0.0	0.0	0.0	0.0	0.0	0.0	0.0	-0.0	-0.0	-0.0	-0.0	-0.0	-0.0	0.0	0.0	0.0	-0.0	0.0	-0.0	0.0	-0.0	-0.0	-0.0	-0.0	0.0	0.0	0.0	-0.0	-0.0	0.0	-0.0	-0.0	-0.0	-0.0	0.0	0.0	0.0	-0.0	0.0	-0.0	-0.0	-0.0	-0.0	0.0	0.0	0.0	-0.0	0.0	-0.0	-0.0	0.0	0.0	0.0	-0.0	0.0	0.0	0.0	-0.0	-0.0	-0.0	0.0	0.0	-0.0	-0.0	0.0	-0.0	-0.0	0.0	-0.0	0.0	0.0	-0.0	-0.0
PFF_Baseline_36	0.3577204849712072	1.8544406723386666	-0.14012965997203924	-0.0	0.0	0.0	-0.0	-0.0	0.0	-0.0	0.0	-0.0	-0.0	0.0	0.0	-0.0	-0.0	0.0	0.0	-0.0	0.0	0.0	-0.0	-0.0	-0.0	0.0	-0.0	-0.0	-0.0	-0.0	0.0	0.0	0.0	-0.0	0.0	-0.0	-0.0	-0.0	-0.0	0.0	0.0	-0.0	-0.0	-0.0	-0.0	0.0	0.0	-0.0	0.0	-0.0	0.0	0.0	-0.0	-0.0	0.0	-0.0	0.0	-0.0	0.0	-0.0	0.0	-0.0	0.0	-0.0	0.0	0.0	0.0	0.0	0.0	-0.0	-0.0	0.0	0.0	-0.0	0.0	0.0	0.0	0.0	-0.0	-0.0	-0.0	0.0	0.0	-0.0	-0.0	0.0	-0.0	-0.0	-0.0	0.0	0.0	-0.0	-0.0	0.0	-0.0	-0.0	0.0	0.0	-0.0	-0.0	0.0	-0.0	0.0	0.0	-0.0	0.0	-0.0	0.0	-0.0	-0.0	0.0	-0.0	-0.0	-0.0	0.0	-0.0	-0.0	-0.0	0.0	-0.0	-0.0	0.0	0.0	-0.0	-0.0	-0.0	0.0	-0.0	0.0
PFF_Jejunum_1937	-0.9007474163463506	-0.4267679170161325	0.22295539617131882	-0.0	0.0	-0.0	-0.0	-0.0	0.0	0.0	0.0	-0.0	-0.0	-0.0	-0.0	0.0	0.0	0.0	-0.0	0.0	-0.0	-0.0	-0.0	-0.0	0.0	0.0	-0.0	-0.0	0.0	0.0	0.0	-0.0	0.0	-0.0	0.0	0.0	-0.0	-0.0	-0.0	0.0	0.0	-0.0	0.0	0.0	0.0	-0.0	-0.0	-0.0	0.0	0.0	-0.0	-0.0	0.0	-0.0	-0.0	0.0	0.0	-0.0	0.0	-0.0	0.0	-0.0	0.0	-0.0	-0.0	-0.0	0.0	0.0	-0.0	0.0	0.0	-0.0	0.0	0.0	-0.0	-0.0	-0.0	0.0	0.0	-0.0	-0.0	-0.0	-0.0	0.0	0.0	0.0	-0.0	-0.0	0.0	0.0	-0.0	-0.0	-0.0	-0.0	0.0	-0.0	-0.0	0.0	-0.0	0.0	0.0	0.0	-0.0	-0.0	-0.0	0.0	-0.0	0.0	0.0	0.0	0.0	-0.0	0.0	-0.0	0.0	0.0	-0.0	0.0	0.0	0.0	0.0	-0.0	-0.0	0.0	-0.0	-0.0	-0.0	0.0	0.0
PFF_Jejunum_1920	-2.8345110338763995	0.2490478662965098	0.09967763068885267	0.0	0.0	-0.0	-0.0	0.0	0.0	0.0	-0.0	0.0	0.0	0.0	-0.0	0.0	0.0	0.0	0.0	-0.0	-0.0	0.0	-0.0	0.0	-0.0	0.0	0.0	-0.0	-0.0	-0.0	-0.0	0.0	0.0	-0.0	-0.0	-0.0	-0.0	0.0	0.0	0.0	0.0	0.0	0.0	-0.0	-0.0	0.0	0.0	-0.0	-0.0	0.0	0.0	-0.0	0.0	-0.0	0.0	-0.0	0.0	-0.0	0.0	-0.0	-0.0	0.0	0.0	-0.0	0.0	0.0	-0.0	0.0	-0.0	0.0	-0.0	-0.0	-0.0	-0.0	-0.0	0.0	-0.0	-0.0	-0.0	0.0	0.0	-0.0	0.0	-0.0	-0.0	-0.0	0.0	0.0	0.0	-0.0	0.0	0.0	0.0	-0.0	0.0	-0.0	0.0	0.0	-0.0	-0.0	-0.0	-0.0	0.0	-0.0	0.0	-0.0	-0.0	0.0	0.0	0.0	-0.0	0.0	0.0	-0.0	-0.0	0.0	0.0	-0.0	0.0	-0.0	-0.0	0.0	0.0	-0.0	0.0	0.0	0.0	-0.0	-0.0
PFF_Cecum_1908	0.2844671495811573	0.23031930615278584	-0.04078354346127461	0.0	0.0	-0.0	0.0	-0.0	-0.0	0.0	0.0	0.0	0.0	-0.0	0.0	-0.0	-0.0	0.0	0.0	0.0	0.0	-0.0	0.0	-0.0	-0.0	-0.0	0.0	0.0	-0.0	-0.0	-0.0	-0.0	-0.0	0.0	-0.0	-0.0	0.0	-0.0	-0.0	0.0	-0.0	0.0	-0.0	0.0	0.0	-0.0	-0.0	-0.0	0.0	-0.0	-0.0	-0.0	-0.0	0.0	0.0	0.0	0.0	0.0	0.0	-0.0	-0.0	-0.0	0.0	0.0	-0.0	-0.0	0.0	0.0	0.0	-0.0	0.0	0.0	0.0	0.0	-0.0	0.0	-0.0	0.0	-0.0	-0.0	0.0	-0.0	0.0	-0.0	0.0	-0.0	0.0	-0.0	-0.0	-0.0	0.0	-0.0	0.0	-0.0	0.0	-0.0	-0.0	-0.0	0.0	0.0	-0.0	0.0	0.0	-0.0	-0.0	0.0	0.0	0.0	-0.0	-0.0	0.0	-0.0	0.0	-0.0	-0.0	0.0	0.0	0.0	-0.0	0.0	-0.0	0.0	-0.0	-0.0	0.0	-0.0	-0.0	-0.0	-0.0
PFF_Jejunum_27	-1.2865007158412778	-1.2641727743636988	0.0398250592154882	0.0	-0.0	-0.0	0.0	-0.0	0.0	-0.0	0.0	0.0	-0.0	-0.0	0.0	-0.0	-0.0	-0.0	-0.0	0.0	0.0	-0.0	0.0	-0.0	-0.0	-0.0	0.0	0.0	0.0	0.0	-0.0	-0.0	-0.0	0.0	-0.0	-0.0	-0.0	-0.0	0.0	-0.0	-0.0	-0.0	0.0	0.0	0.0	0.0	-0.0	-0.0	-0.0	-0.0	0.0	0.0	0.0	0.0	0.0	0.0	0.0	0.0	-0.0	-0.0	-0.0	-0.0	-0.0	-0.0	0.0	-0.0	0.0	-0.0	0.0	0.0	-0.0	-0.0	0.0	-0.0	-0.0	0.0	-0.0	0.0	-0.0	-0.0	-0.0	0.0	0.0	0.0	-0.0	0.0	-0.0	-0.0	-0.0	0.0	0.0	-0.0	-0.0	-0.0	-0.0	-0.0	0.0	-0.0	-0.0	0.0	-0.0	0.0	-0.0	0.0	0.0	0.0	-0.0	0.0	0.0	-0.0	0.0	-0.0	-0.0	0.0	0.0	0.0	0.0	-0.0	0.0	-0.0	-0.0	0.0	0.0	-0.0	0.0	0.0	0.0	0.0	-0.0
PFF_Cecum_15	1.5946563178152693	-1.1242428509109093	0.12144552914125167	0.0	0.0	-0.0	0.0	-0.0	-0.0	-0.0	0.0	-0.0	0.0	0.0	-0.0	-0.0	0.0	-0.0	0.0	-0.0	-0.0	-0.0	0.0	0.0	0.0	-0.0	-0.0	0.0	0.0	0.0	0.0	-0.0	0.0	-0.0	0.0	-0.0	0.0	-0.0	0.0	-0.0	0.0	0.0	0.0	0.0	0.0	0.0	0.0	0.0	0.0	-0.0	0.0	0.0	0.0	-0.0	0.0	-0.0	-0.0	0.0	0.0	-0.0	-0.0	-0.0	0.0	0.0	0.0	0.0	0.0	-0.0	0.0	0.0	-0.0	0.0	-0.0	0.0	-0.0	0.0	0.0	-0.0	0.0	0.0	-0.0	0.0	-0.0	-0.0	-0.0	0.0	-0.0	-0.0	0.0	0.0	-0.0	-0.0	-0.0	-0.0	0.0	-0.0	-0.0	0.0	0.0	0.0	0.0	-0.0	-0.0	0.0	0.0	0.0	-0.0	-0.0	-0.0	-0.0	0.0	0.0	-0.0	0.0	-0.0	-0.0	0.0	-0.0	0.0	0.0	0.0	-0.0	-0.0	-0.0	-0.0	0.0	-0.0	-0.0	0.0
PFF_Colon_1920	-0.9839733195681323	0.4319866651586345	-0.25843778799924966	0.0	-0.0	-0.0	0.0	-0.0	0.0	0.0	-0.0	-0.0	0.0	0.0	-0.0	0.0	0.0	-0.0	0.0	-0.0	0.0	0.0	0.0	-0.0	0.0	0.0	0.0	0.0	-0.0	-0.0	-0.0	-0.0	0.0	-0.0	0.0	0.0	-0.0	0.0	-0.0	-0.0	0.0	-0.0	0.0	0.0	-0.0	-0.0	0.0	0.0	-0.0	-0.0	0.0	-0.0	0.0	0.0	-0.0	-0.0	0.0	-0.0	0.0	0.0	0.0	-0.0	-0.0	0.0	0.0	0.0	0.0	0.0	-0.0	-0.0	0.0	0.0	0.0	0.0	-0.0	-0.0	-0.0	0.0	-0.0	0.0	-0.0	-0.0	0.0	0.0	0.0	-0.0	0.0	-0.0	-0.0	-0.0	-0.0	-0.0	-0.0	0.0	0.0	0.0	-0.0	-0.0	0.0	0.0	0.0	0.0	0.0	0.0	-0.0	0.0	0.0	-0.0	-0.0	-0.0	0.0	-0.0	0.0	-0.0	-0.0	0.0	0.0	-0.0	-0.0	-0.0	-0.0	-0.0	-0.0	-0.0	0.0	0.0	0.0	0.0	-0.0
PFF_Cecum_1917	-0.06161707434451981	0.27989749961831434	-0.027684541182729575	0.0	0.0	-0.0	-0.0	-0.0	-0.0	-0.0	-0.0	0.0	-0.0	-0.0	0.0	-0.0	-0.0	0.0	0.0	0.0	0.0	-0.0	0.0	-0.0	0.0	0.0	0.0	-0.0	0.0	-0.0	-0.0	0.0	-0.0	0.0	-0.0	0.0	-0.0	0.0	-0.0	0.0	-0.0	0.0	-0.0	-0.0	-0.0	0.0	-0.0	0.0	0.0	-0.0	0.0	-0.0	0.0	0.0	0.0	-0.0	-0.0	-0.0	0.0	-0.0	0.0	-0.0	0.0	0.0	-0.0	0.0	-0.0	-0.0	0.0	0.0	-0.0	0.0	0.0	-0.0	-0.0	-0.0	0.0	-0.0	0.0	-0.0	-0.0	-0.0	-0.0	0.0	-0.0	-0.0	0.0	0.0	-0.0	-0.0	0.0	-0.0	0.0	0.0	0.0	-0.0	-0.0	-0.0	0.0	0.0	-0.0	0.0	-0.0	0.0	-0.0	0.0	0.0	-0.0	0.0	0.0	-0.0	0.0	-0.0	0.0	-0.0	0.0	0.0	0.0	-0.0	0.0	0.0	-0.0	-0.0	0.0	-0.0	0.0	0.0	0.0	-0.0
PFF_Jejunum_1944	-0.9960920058265162	-1.6276153105714204	0.0770764507533406	0.0	0.0	-0.0	0.0	0.0	0.0	0.0	0.0	0.0	0.0	0.0	-0.0	-0.0	0.0	-0.0	-0.0	-0.0	-0.0	0.0	-0.0	0.0	0.0	0.0	-0.0	-0.0	0.0	-0.0	-0.0	0.0	-0.0	0.0	-0.0	-0.0	-0.0	-0.0	-0.0	0.0	0.0	0.0	-0.0	-0.0	0.0	0.0	0.0	-0.0	0.0	-0.0	0.0	-0.0	-0.0	0.0	-0.0	0.0	0.0	-0.0	-0.0	-0.0	-0.0	-0.0	-0.0	0.0	0.0	-0.0	-0.0	-0.0	-0.0	0.0	-0.0	0.0	-0.0	-0.0	-0.0	-0.0	0.0	0.0	-0.0	-0.0	-0.0	0.0	0.0	0.0	-0.0	0.0	-0.0	-0.0	-0.0	-0.0	0.0	0.0	0.0	0.0	0.0	-0.0	0.0	-0.0	-0.0	-0.0	-0.0	-0.0	-0.0	-0.0	-0.0	0.0	0.0	-0.0	0.0	0.0	-0.0	0.0	0.0	0.0	0.0	-0.0	0.0	-0.0	-0.0	0.0	-0.0	0.0	0.0	-0.0	0.0	-0.0	-0.0	-0.0	-0.0
PFF_Jejunum_1913	-1.3746089343379573	-0.8924183822644085	-0.005412901891979548	0.0	-0.0	-0.0	-0.0	-0.0	0.0	-0.0	-0.0	0.0	0.0	0.0	0.0	0.0	-0.0	0.0	0.0	-0.0	-0.0	0.0	-0.0	0.0	-0.0	-0.0	0.0	0.0	0.0	0.0	0.0	0.0	0.0	-0.0	0.0	-0.0	0.0	-0.0	0.0	0.0	-0.0	0.0	0.0	-0.0	-0.0	0.0	-0.0	-0.0	0.0	-0.0	0.0	0.0	-0.0	-0.0	0.0	0.0	-0.0	-0.0	0.0	-0.0	-0.0	-0.0	0.0	-0.0	-0.0	-0.0	-0.0	0.0	0.0	0.0	0.0	0.0	-0.0	0.0	0.0	0.0	-0.0	-0.0	0.0	-0.0	0.0	-0.0	0.0	-0.0	0.0	-0.0	-0.0	-0.0	0.0	-0.0	-0.0	0.0	-0.0	0.0	-0.0	0.0	-0.0	-0.0	0.0	-0.0	0.0	0.0	-0.0	-0.0	0.0	-0.0	0.0	-0.0	0.0	-0.0	0.0	-0.0	-0.0	-0.0	-0.0	-0.0	0.0	0.0	-0.0	-0.0	0.0	0.0	0.0	-0.0	0.0	0.0	-0.0	-0.0	0.0
PFF_Baseline_32	0.3150762382768942	1.679073101741385	-0.19861128767309363	-0.0	0.0	0.0	-0.0	-0.0	-0.0	-0.0	0.0	0.0	0.0	0.0	0.0	-0.0	0.0	0.0	-0.0	-0.0	-0.0	-0.0	-0.0	-0.0	-0.0	0.0	-0.0	-0.0	-0.0	-0.0	-0.0	-0.0	-0.0	0.0	0.0	-0.0	0.0	0.0	-0.0	-0.0	-0.0	-0.0	0.0	-0.0	0.0	0.0	-0.0	-0.0	-0.0	-0.0	0.0	-0.0	0.0	0.0	-0.0	-0.0	0.0	0.0	-0.0	0.0	-0.0	-0.0	0.0	-0.0	0.0	0.0	0.0	0.0	-0.0	0.0	-0.0	-0.0	0.0	0.0	0.0	0.0	-0.0	-0.0	0.0	-0.0	0.0	0.0	0.0	-0.0	0.0	-0.0	-0.0	0.0	0.0	-0.0	0.0	-0.0	-0.0	0.0	0.0	-0.0	0.0	0.0	0.0	0.0	0.0	-0.0	-0.0	0.0	0.0	-0.0	0.0	0.0	0.0	0.0	0.0	0.0	0.0	0.0	-0.0	-0.0	0.0	0.0	-0.0	-0.0	0.0	-0.0	0.0	-0.0	-0.0	0.0	-0.0	0.0	0.0
PFF_Baseline_1937	0.46960979887472587	1.3874905645071733	-0.22991582460043514	-0.0	-0.0	-0.0	-0.0	-0.0	0.0	0.0	0.0	-0.0	-0.0	0.0	0.0	-0.0	-0.0	0.0	0.0	-0.0	0.0	-0.0	-0.0	-0.0	0.0	-0.0	-0.0	-0.0	-0.0	-0.0	-0.0	-0.0	0.0	0.0	-0.0	0.0	-0.0	-0.0	0.0	-0.0	-0.0	-0.0	0.0	0.0	-0.0	0.0	-0.0	0.0	-0.0	-0.0	0.0	0.0	0.0	0.0	0.0	0.0	-0.0	0.0	0.0	0.0	0.0	0.0	0.0	0.0	-0.0	-0.0	-0.0	-0.0	-0.0	0.0	-0.0	-0.0	-0.0	-0.0	0.0	-0.0	0.0	0.0	0.0	-0.0	0.0	0.0	0.0	0.0	-0.0	-0.0	0.0	-0.0	-0.0	-0.0	-0.0	0.0	0.0	-0.0	0.0	0.0	-0.0	-0.0	-0.0	-0.0	-0.0	0.0	-0.0	-0.0	-0.0	0.0	0.0	-0.0	-0.0	0.0	0.0	0.0	0.0	0.0	-0.0	-0.0	0.0	0.0	0.0	-0.0	0.0	-0.0	0.0	-0.0	0.0	-0.0	0.0	0.0	-0.0
PFF_Jejunum_12	-1.2516524060943395	-1.0428740473024998	0.11344408925063554	0.0	0.0	0.0	0.0	0.0	-0.0	-0.0	0.0	-0.0	0.0	0.0	-0.0	0.0	0.0	-0.0	-0.0	-0.0	0.0	0.0	-0.0	-0.0	0.0	-0.0	-0.0	0.0	0.0	-0.0	-0.0	-0.0	0.0	0.0	0.0	-0.0	0.0	-0.0	0.0	0.0	0.0	-0.0	-0.0	0.0	0.0	-0.0	0.0	0.0	0.0	0.0	-0.0	0.0	-0.0	0.0	-0.0	0.0	0.0	-0.0	-0.0	-0.0	0.0	0.0	0.0	0.0	0.0	-0.0	-0.0	0.0	0.0	0.0	-0.0	0.0	-0.0	-0.0	-0.0	-0.0	-0.0	0.0	-0.0	0.0	0.0	0.0	-0.0	0.0	-0.0	-0.0	-0.0	0.0	0.0	-0.0	-0.0	0.0	0.0	-0.0	-0.0	0.0	0.0	0.0	0.0	0.0	-0.0	0.0	-0.0	0.0	-0.0	0.0	-0.0	0.0	0.0	0.0	0.0	0.0	-0.0	0.0	0.0	-0.0	0.0	-0.0	0.0	-0.0	0.0	-0.0	-0.0	-0.0	0.0	0.0	-0.0	-0.0	-0.0
PFF_Jejunum_25	-0.9599190490155881	-0.15551852311908435	-0.006422841652679496	0.0	0.0	-0.0	-0.0	0.0	-0.0	0.0	-0.0	-0.0	0.0	0.0	0.0	0.0	-0.0	-0.0	-0.0	-0.0	0.0	-0.0	-0.0	-0.0	-0.0	-0.0	-0.0	-0.0	-0.0	0.0	0.0	-0.0	-0.0	-0.0	0.0	-0.0	-0.0	-0.0	0.0	-0.0	0.0	-0.0	-0.0	0.0	-0.0	0.0	-0.0	-0.0	0.0	0.0	0.0	0.0	0.0	-0.0	-0.0	0.0	-0.0	0.0	0.0	0.0	-0.0	0.0	0.0	-0.0	0.0	-0.0	-0.0	0.0	-0.0	-0.0	-0.0	0.0	0.0	0.0	-0.0	-0.0	-0.0	0.0	-0.0	0.0	-0.0	0.0	-0.0	0.0	0.0	0.0	-0.0	-0.0	-0.0	0.0	0.0	-0.0	0.0	-0.0	0.0	0.0	0.0	-0.0	0.0	-0.0	-0.0	0.0	0.0	0.0	-0.0	-0.0	0.0	-0.0	0.0	-0.0	-0.0	0.0	-0.0	0.0	0.0	-0.0	-0.0	-0.0	0.0	-0.0	-0.0	-0.0	-0.0	0.0	0.0	0.0	0.0	-0.0	-0.0
PFF_Jejunum_13	-0.8888773407253567	-0.6851574314150691	-0.03435724972190624	0.0	0.0	-0.0	-0.0	0.0	0.0	-0.0	0.0	0.0	-0.0	0.0	-0.0	-0.0	0.0	-0.0	0.0	-0.0	0.0	0.0	-0.0	0.0	-0.0	-0.0	-0.0	-0.0	0.0	0.0	0.0	0.0	-0.0	0.0	0.0	0.0	0.0	0.0	0.0	-0.0	-0.0	0.0	-0.0	-0.0	-0.0	-0.0	-0.0	-0.0	0.0	0.0	-0.0	-0.0	-0.0	0.0	0.0	0.0	0.0	0.0	-0.0	-0.0	0.0	-0.0	-0.0	0.0	0.0	0.0	-0.0	-0.0	-0.0	-0.0	0.0	-0.0	0.0	0.0	-0.0	-0.0	0.0	0.0	0.0	0.0	-0.0	-0.0	-0.0	0.0	-0.0	-0.0	-0.0	0.0	0.0	0.0	-0.0	-0.0	0.0	-0.0	0.0	0.0	-0.0	0.0	0.0	-0.0	-0.0	-0.0	-0.0	0.0	-0.0	0.0	0.0	-0.0	0.0	-0.0	0.0	-0.0	-0.0	0.0	0.0	0.0	0.0	-0.0	0.0	0.0	-0.0	-0.0	-0.0	-0.0	-0.0	-0.0	0.0	-0.0	-0.0
PFF_Colon_1944	0.7989405868799169	-0.6525838902217896	-0.09184307397366116	-0.0	-0.0	0.0	-0.0	0.0	-0.0	0.0	-0.0	-0.0	-0.0	0.0	0.0	0.0	0.0	-0.0	-0.0	0.0	0.0	0.0	0.0	0.0	0.0	-0.0	0.0	-0.0	-0.0	0.0	0.0	0.0	0.0	0.0	0.0	-0.0	0.0	-0.0	0.0	-0.0	0.0	-0.0	0.0	-0.0	-0.0	0.0	0.0	0.0	-0.0	0.0	-0.0	-0.0	-0.0	0.0	0.0	0.0	-0.0	-0.0	0.0	-0.0	0.0	-0.0	0.0	-0.0	-0.0	-0.0	-0.0	-0.0	-0.0	0.0	0.0	0.0	-0.0	-0.0	-0.0	0.0	-0.0	-0.0	0.0	0.0	-0.0	-0.0	0.0	0.0	-0.0	-0.0	-0.0	-0.0	0.0	-0.0	-0.0	-0.0	0.0	-0.0	0.0	-0.0	0.0	-0.0	0.0	-0.0	0.0	-0.0	0.0	0.0	-0.0	0.0	-0.0	-0.0	0.0	-0.0	-0.0	-0.0	0.0	-0.0	-0.0	-0.0	0.0	0.0	0.0	0.0	0.0	0.0	-0.0	0.0	-0.0	-0.0	0.0	-0.0	-0.0
PFF_Jejunum_1904	-1.3945885555925879	-0.5640838828508468	-0.25545022515757265	-0.0	0.0	0.0	-0.0	-0.0	0.0	0.0	0.0	0.0	0.0	-0.0	0.0	-0.0	0.0	-0.0	0.0	-0.0	-0.0	0.0	0.0	0.0	-0.0	0.0	-0.0	0.0	-0.0	0.0	0.0	0.0	-0.0	0.0	0.0	0.0	-0.0	0.0	0.0	0.0	-0.0	-0.0	-0.0	0.0	-0.0	0.0	-0.0	0.0	0.0	-0.0	-0.0	0.0	0.0	0.0	-0.0	-0.0	-0.0	-0.0	0.0	0.0	0.0	-0.0	0.0	0.0	0.0	-0.0	0.0	-0.0	0.0	-0.0	-0.0	-0.0	-0.0	0.0	-0.0	-0.0	0.0	0.0	-0.0	0.0	-0.0	0.0	-0.0	0.0	0.0	0.0	-0.0	0.0	-0.0	0.0	0.0	-0.0	0.0	-0.0	0.0	0.0	-0.0	0.0	0.0	-0.0	0.0	0.0	-0.0	-0.0	0.0	0.0	-0.0	-0.0	0.0	0.0	-0.0	0.0	-0.0	-0.0	-0.0	0.0	-0.0	-0.0	0.0	-0.0	-0.0	0.0	-0.0	0.0	0.0	-0.0	0.0	0.0	-0.0
PFF_Colon_1943	0.29581306457611783	-0.985101242714798	-0.1505054798712624	0.0	-0.0	-0.0	0.0	-0.0	0.0	-0.0	-0.0	-0.0	-0.0	0.0	-0.0	-0.0	0.0	0.0	0.0	0.0	-0.0	-0.0	0.0	-0.0	-0.0	0.0	-0.0	-0.0	0.0	-0.0	0.0	0.0	-0.0	-0.0	-0.0	-0.0	-0.0	0.0	0.0	0.0	0.0	-0.0	0.0	-0.0	0.0	-0.0	0.0	-0.0	0.0	0.0	-0.0	-0.0	-0.0	0.0	0.0	0.0	-0.0	0.0	-0.0	-0.0	-0.0	-0.0	0.0	0.0	-0.0	-0.0	0.0	0.0	-0.0	-0.0	-0.0	-0.0	0.0	0.0	0.0	0.0	0.0	-0.0	-0.0	-0.0	0.0	0.0	-0.0	0.0	0.0	0.0	-0.0	-0.0	-0.0	0.0	0.0	0.0	0.0	-0.0	0.0	-0.0	-0.0	-0.0	0.0	0.0	-0.0	0.0	0.0	-0.0	0.0	-0.0	0.0	0.0	0.0	-0.0	0.0	-0.0	0.0	0.0	0.0	0.0	-0.0	-0.0	0.0	-0.0	-0.0	-0.0	-0.0	0.0	0.0	0.0	0.0	0.0	-0.0
PFF_Baseline_1943	-0.12246993280954008	1.8634050459870026	0.050775587177632385	0.0	-0.0	0.0	0.0	-0.0	0.0	-0.0	-0.0	-0.0	-0.0	-0.0	-0.0	0.0	0.0	-0.0	-0.0	-0.0	0.0	-0.0	-0.0	0.0	0.0	0.0	-0.0	0.0	-0.0	0.0	0.0	-0.0	-0.0	0.0	0.0	-0.0	0.0	-0.0	0.0	0.0	-0.0	-0.0	-0.0	0.0	-0.0	0.0	0.0	-0.0	-0.0	0.0	0.0	-0.0	0.0	0.0	-0.0	0.0	0.0	0.0	0.0	0.0	0.0	0.0	0.0	-0.0	-0.0	-0.0	-0.0	0.0	-0.0	0.0	0.0	-0.0	0.0	-0.0	-0.0	-0.0	0.0	0.0	0.0	-0.0	0.0	-0.0	-0.0	0.0	0.0	0.0	0.0	-0.0	0.0	-0.0	0.0	0.0	0.0	-0.0	0.0	-0.0	-0.0	0.0	-0.0	-0.0	-0.0	-0.0	0.0	-0.0	0.0	-0.0	0.0	-0.0	-0.0	0.0	-0.0	-0.0	-0.0	0.0	0.0	0.0	-0.0	0.0	0.0	0.0	-0.0	-0.0	-0.0	0.0	0.0	-0.0	0.0	-0.0	-0.0
PFF_Baseline_27	-0.15044265126404235	1.82023389413791	-0.16222902298987607	0.0	0.0	0.0	-0.0	-0.0	0.0	0.0	-0.0	-0.0	-0.0	0.0	-0.0	0.0	-0.0	0.0	-0.0	-0.0	0.0	-0.0	0.0	0.0	-0.0	-0.0	0.0	-0.0	0.0	0.0	-0.0	-0.0	0.0	0.0	0.0	0.0	-0.0	-0.0	0.0	0.0	0.0	-0.0	0.0	0.0	-0.0	-0.0	0.0	0.0	0.0	-0.0	0.0	-0.0	-0.0	-0.0	0.0	-0.0	-0.0	0.0	-0.0	0.0	0.0	-0.0	-0.0	-0.0	0.0	-0.0	-0.0	-0.0	0.0	0.0	0.0	-0.0	-0.0	0.0	0.0	-0.0	0.0	-0.0	-0.0	-0.0	0.0	0.0	0.0	0.0	-0.0	-0.0	0.0	0.0	0.0	-0.0	-0.0	0.0	0.0	0.0	0.0	-0.0	0.0	-0.0	-0.0	-0.0	0.0	-0.0	0.0	0.0	-0.0	0.0	0.0	0.0	-0.0	-0.0	0.0	-0.0	-0.0	0.0	0.0	0.0	-0.0	-0.0	-0.0	-0.0	-0.0	-0.0	-0.0	-0.0	0.0	-0.0	-0.0	-0.0	-0.0
PFF_Jejunum_36	-1.0542248287564693	-1.6931529545337236	0.013750299044263887	0.0	-0.0	0.0	-0.0	-0.0	-0.0	-0.0	-0.0	-0.0	-0.0	-0.0	0.0	0.0	-0.0	-0.0	0.0	0.0	-0.0	-0.0	0.0	0.0	0.0	-0.0	-0.0	-0.0	-0.0	0.0	-0.0	0.0	0.0	-0.0	-0.0	-0.0	-0.0	0.0	0.0	-0.0	-0.0	0.0	-0.0	-0.0	-0.0	-0.0	-0.0	0.0	0.0	-0.0	0.0	-0.0	0.0	0.0	0.0	-0.0	0.0	0.0	0.0	-0.0	0.0	-0.0	-0.0	-0.0	-0.0	-0.0	0.0	-0.0	0.0	-0.0	0.0	-0.0	-0.0	0.0	-0.0	0.0	-0.0	0.0	-0.0	0.0	0.0	-0.0	0.0	0.0	-0.0	-0.0	-0.0	-0.0	-0.0	-0.0	0.0	-0.0	0.0	0.0	-0.0	0.0	-0.0	0.0	0.0	0.0	-0.0	-0.0	0.0	-0.0	0.0	-0.0	0.0	-0.0	-0.0	-0.0	-0.0	0.0	-0.0	0.0	0.0	0.0	-0.0	0.0	0.0	-0.0	0.0	-0.0	-0.0	-0.0	-0.0	-0.0	-0.0	0.0	-0.0
PFF_Cecum_1941	-0.16019323213177603	-0.6041112248211977	-0.20688365159984654	-0.0	-0.0	0.0	-0.0	0.0	-0.0	-0.0	0.0	-0.0	0.0	-0.0	-0.0	-0.0	0.0	0.0	-0.0	-0.0	0.0	0.0	0.0	0.0	0.0	-0.0	0.0	-0.0	-0.0	0.0	-0.0	-0.0	-0.0	0.0	-0.0	0.0	0.0	0.0	0.0	-0.0	0.0	-0.0	0.0	0.0	-0.0	-0.0	-0.0	-0.0	0.0	0.0	0.0	-0.0	0.0	0.0	0.0	-0.0	0.0	0.0	0.0	-0.0	0.0	0.0	-0.0	0.0	0.0	-0.0	0.0	0.0	-0.0	-0.0	0.0	0.0	-0.0	0.0	0.0	0.0	-0.0	0.0	0.0	-0.0	-0.0	0.0	-0.0	-0.0	0.0	-0.0	0.0	0.0	0.0	-0.0	0.0	-0.0	0.0	-0.0	0.0	-0.0	-0.0	-0.0	0.0	0.0	-0.0	0.0	0.0	-0.0	-0.0	-0.0	0.0	-0.0	-0.0	0.0	-0.0	-0.0	-0.0	-0.0	0.0	-0.0	-0.0	0.0	-0.0	0.0	-0.0	-0.0	-0.0	-0.0	-0.0	-0.0	-0.0	0.0	-0.0
PFF_Cecum_32	0.48519050523141294	-0.2662984945405898	-0.0240693517412565	-0.0	0.0	0.0	-0.0	-0.0	0.0	0.0	0.0	-0.0	0.0	-0.0	0.0	0.0	-0.0	0.0	0.0	0.0	0.0	0.0	0.0	0.0	-0.0	0.0	0.0	0.0	0.0	-0.0	0.0	-0.0	-0.0	-0.0	-0.0	0.0	-0.0	0.0	-0.0	0.0	-0.0	-0.0	0.0	-0.0	-0.0	0.0	0.0	0.0	0.0	-0.0	0.0	0.0	0.0	0.0	-0.0	-0.0	0.0	-0.0	0.0	-0.0	0.0	0.0	-0.0	-0.0	-0.0	0.0	0.0	-0.0	-0.0	0.0	0.0	-0.0	-0.0	0.0	-0.0	-0.0	-0.0	-0.0	0.0	-0.0	-0.0	0.0	-0.0	0.0	-0.0	-0.0	-0.0	-0.0	0.0	-0.0	0.0	0.0	0.0	-0.0	0.0	0.0	0.0	-0.0	-0.0	0.0	-0.0	0.0	-0.0	-0.0	0.0	-0.0	-0.0	-0.0	-0.0	-0.0	0.0	0.0	0.0	-0.0	0.0	-0.0	0.0	0.0	0.0	-0.0	-0.0	0.0	-0.0	0.0	-0.0	0.0	0.0	-0.0	-0.0
PFF_Jejunum_15	-1.1072110094324294	-0.9873949488251516	0.23146704376198574	0.0	-0.0	-0.0	-0.0	0.0	-0.0	-0.0	-0.0	-0.0	0.0	0.0	0.0	-0.0	-0.0	-0.0	0.0	-0.0	-0.0	-0.0	0.0	0.0	-0.0	0.0	-0.0	0.0	0.0	-0.0	-0.0	0.0	-0.0	-0.0	-0.0	0.0	-0.0	0.0	-0.0	0.0	-0.0	0.0	0.0	0.0	0.0	-0.0	0.0	-0.0	-0.0	0.0	0.0	0.0	-0.0	-0.0	-0.0	-0.0	0.0	0.0	0.0	0.0	-0.0	-0.0	0.0	-0.0	0.0	-0.0	-0.0	0.0	-0.0	0.0	-0.0	0.0	-0.0	0.0	-0.0	-0.0	-0.0	-0.0	0.0	-0.0	0.0	0.0	-0.0	0.0	0.0	0.0	-0.0	0.0	-0.0	0.0	-0.0	-0.0	0.0	-0.0	0.0	0.0	-0.0	-0.0	0.0	0.0	0.0	-0.0	0.0	-0.0	-0.0	-0.0	-0.0	-0.0	-0.0	-0.0	-0.0	0.0	0.0	0.0	0.0	-0.0	0.0	0.0	-0.0	0.0	-0.0	-0.0	0.0	0.0	-0.0	-0.0	0.0	-0.0	-0.0
PFF_Jejunum_1914	-1.7758883394055223	-0.3153179233209726	-0.037673169936992504	0.0	-0.0	0.0	0.0	0.0	0.0	-0.0	-0.0	0.0	-0.0	0.0	0.0	0.0	0.0	0.0	-0.0	-0.0	-0.0	0.0	-0.0	0.0	0.0	-0.0	0.0	0.0	-0.0	-0.0	-0.0	-0.0	0.0	-0.0	-0.0	0.0	0.0	-0.0	-0.0	0.0	-0.0	-0.0	-0.0	0.0	0.0	-0.0	0.0	0.0	0.0	-0.0	-0.0	-0.0	0.0	0.0	0.0	0.0	-0.0	-0.0	0.0	-0.0	0.0	-0.0	0.0	-0.0	0.0	0.0	-0.0	-0.0	-0.0	0.0	0.0	-0.0	0.0	0.0	0.0	0.0	0.0	0.0	0.0	0.0	0.0	0.0	-0.0	-0.0	-0.0	0.0	-0.0	0.0	0.0	-0.0	0.0	-0.0	-0.0	0.0	0.0	-0.0	-0.0	-0.0	-0.0	0.0	-0.0	0.0	0.0	-0.0	-0.0	-0.0	-0.0	-0.0	0.0	0.0	-0.0	-0.0	0.0	0.0	-0.0	-0.0	0.0	-0.0	0.0	-0.0	0.0	0.0	-0.0	-0.0	0.0	0.0	-0.0	-0.0	0.0
PFF_Cecum_1937	0.6667091214399965	-1.4337218078069658	0.05639887200105508	0.0	-0.0	0.0	0.0	-0.0	0.0	0.0	0.0	0.0	-0.0	-0.0	0.0	-0.0	0.0	-0.0	-0.0	-0.0	-0.0	0.0	0.0	0.0	0.0	0.0	-0.0	-0.0	-0.0	0.0	-0.0	0.0	-0.0	0.0	0.0	-0.0	0.0	-0.0	-0.0	0.0	-0.0	-0.0	0.0	0.0	0.0	-0.0	0.0	-0.0	0.0	-0.0	0.0	-0.0	-0.0	-0.0	-0.0	-0.0	0.0	0.0	0.0	-0.0	0.0	0.0	-0.0	0.0	-0.0	0.0	-0.0	0.0	0.0	0.0	0.0	-0.0	0.0	-0.0	0.0	-0.0	-0.0	-0.0	0.0	-0.0	0.0	-0.0	-0.0	0.0	-0.0	-0.0	0.0	-0.0	-0.0	-0.0	-0.0	0.0	0.0	-0.0	-0.0	0.0	0.0	0.0	0.0	0.0	0.0	-0.0	-0.0	0.0	-0.0	0.0	-0.0	-0.0	-0.0	0.0	0.0	-0.0	0.0	-0.0	0.0	0.0	0.0	0.0	0.0	-0.0	-0.0	-0.0	-0.0	-0.0	0.0	-0.0	0.0	0.0	-0.0
PFF_Jejunum_11	-0.5119085311952282	-0.5386239901411122	-0.012018330813354594	0.0	0.0	0.0	0.0	0.0	-0.0	-0.0	0.0	0.0	-0.0	-0.0	-0.0	0.0	0.0	-0.0	-0.0	0.0	0.0	-0.0	-0.0	-0.0	-0.0	0.0	0.0	-0.0	0.0	-0.0	-0.0	-0.0	0.0	0.0	-0.0	-0.0	-0.0	0.0	-0.0	0.0	-0.0	0.0	-0.0	0.0	-0.0	-0.0	0.0	0.0	0.0	-0.0	0.0	0.0	-0.0	0.0	0.0	0.0	0.0	0.0	0.0	0.0	-0.0	-0.0	-0.0	0.0	-0.0	-0.0	-0.0	-0.0	0.0	-0.0	0.0	-0.0	-0.0	0.0	-0.0	-0.0	0.0	-0.0	0.0	0.0	-0.0	-0.0	0.0	-0.0	0.0	-0.0	-0.0	0.0	0.0	-0.0	0.0	-0.0	0.0	0.0	0.0	-0.0	-0.0	0.0	-0.0	-0.0	0.0	-0.0	0.0	0.0	0.0	0.0	0.0	-0.0	-0.0	-0.0	0.0	0.0	0.0	-0.0	-0.0	-0.0	-0.0	-0.0	-0.0	-0.0	-0.0	0.0	-0.0	0.0	-0.0	-0.0	-0.0	0.0	-0.0
PFF_Colon_1942	0.4525012493515122	-0.6615498357751081	-0.12814094951277455	-0.0	0.0	-0.0	0.0	0.0	0.0	-0.0	-0.0	0.0	0.0	-0.0	0.0	0.0	-0.0	0.0	-0.0	-0.0	-0.0	-0.0	-0.0	0.0	0.0	0.0	0.0	-0.0	-0.0	0.0	0.0	0.0	0.0	0.0	0.0	-0.0	0.0	0.0	0.0	-0.0	0.0	0.0	0.0	0.0	0.0	0.0	0.0	0.0	-0.0	0.0	0.0	0.0	-0.0	0.0	-0.0	0.0	-0.0	-0.0	-0.0	-0.0	0.0	0.0	-0.0	0.0	0.0	0.0	0.0	-0.0	0.0	-0.0	0.0	-0.0	0.0	0.0	0.0	-0.0	0.0	-0.0	-0.0	0.0	-0.0	0.0	-0.0	0.0	0.0	-0.0	-0.0	0.0	0.0	0.0	0.0	-0.0	0.0	0.0	0.0	-0.0	-0.0	-0.0	0.0	-0.0	0.0	-0.0	-0.0	0.0	0.0	0.0	0.0	-0.0	-0.0	0.0	0.0	-0.0	0.0	-0.0	-0.0	0.0	-0.0	-0.0	0.0	-0.0	0.0	0.0	0.0	-0.0	-0.0	-0.0	0.0	-0.0	-0.0
PFF_Cecum_14	1.3017730719475453	-0.28652553007128617	0.006415787516647064	0.0	0.0	-0.0	0.0	0.0	-0.0	-0.0	-0.0	-0.0	-0.0	-0.0	0.0	0.0	0.0	0.0	0.0	-0.0	-0.0	0.0	0.0	-0.0	-0.0	0.0	0.0	0.0	-0.0	0.0	0.0	-0.0	-0.0	-0.0	-0.0	-0.0	0.0	0.0	-0.0	0.0	-0.0	-0.0	0.0	0.0	-0.0	0.0	0.0	-0.0	-0.0	-0.0	-0.0	0.0	0.0	0.0	0.0	0.0	0.0	0.0	-0.0	0.0	0.0	-0.0	-0.0	-0.0	0.0	-0.0	-0.0	-0.0	-0.0	-0.0	-0.0	0.0	0.0	0.0	0.0	-0.0	-0.0	-0.0	-0.0	0.0	-0.0	-0.0	-0.0	-0.0	0.0	0.0	0.0	-0.0	-0.0	-0.0	0.0	0.0	0.0	-0.0	0.0	-0.0	0.0	-0.0	-0.0	0.0	-0.0	-0.0	-0.0	0.0	-0.0	0.0	0.0	-0.0	0.0	-0.0	0.0	0.0	-0.0	-0.0	0.0	-0.0	0.0	0.0	0.0	0.0	-0.0	-0.0	0.0	-0.0	0.0	-0.0	-0.0	0.0	-0.0
PFF_Baseline_13	0.09755786035741776	1.661181431966741	0.04038018790578663	-0.0	-0.0	-0.0	0.0	-0.0	-0.0	0.0	0.0	0.0	0.0	0.0	0.0	-0.0	0.0	-0.0	-0.0	0.0	0.0	0.0	-0.0	-0.0	0.0	-0.0	-0.0	0.0	0.0	0.0	0.0	-0.0	-0.0	-0.0	0.0	-0.0	-0.0	-0.0	0.0	-0.0	0.0	0.0	0.0	0.0	-0.0	0.0	0.0	0.0	-0.0	-0.0	-0.0	-0.0	0.0	0.0	0.0	-0.0	0.0	-0.0	-0.0	-0.0	-0.0	-0.0	0.0	0.0	0.0	-0.0	-0.0	-0.0	0.0	-0.0	-0.0	0.0	0.0	-0.0	0.0	-0.0	-0.0	-0.0	-0.0	0.0	-0.0	-0.0	-0.0	-0.0	0.0	-0.0	0.0	0.0	-0.0	0.0	0.0	0.0	0.0	-0.0	0.0	0.0	0.0	0.0	-0.0	-0.0	0.0	0.0	0.0	-0.0	0.0	-0.0	-0.0	-0.0	0.0	0.0	0.0	-0.0	0.0	-0.0	-0.0	0.0	-0.0	0.0	-0.0	-0.0	0.0	-0.0	-0.0	0.0	0.0	0.0	-0.0	0.0	-0.0
PFF_Colon_13	1.3133861110481841	0.8318851103733632	0.14109910168216427	0.0	-0.0	0.0	-0.0	-0.0	-0.0	-0.0	-0.0	0.0	0.0	0.0	0.0	-0.0	-0.0	0.0	-0.0	0.0	-0.0	-0.0	0.0	0.0	-0.0	0.0	-0.0	-0.0	-0.0	-0.0	-0.0	0.0	-0.0	-0.0	0.0	-0.0	-0.0	0.0	-0.0	-0.0	0.0	0.0	0.0	0.0	0.0	0.0	-0.0	0.0	-0.0	0.0	0.0	0.0	-0.0	0.0	0.0	-0.0	0.0	-0.0	0.0	0.0	0.0	0.0	-0.0	-0.0	0.0	0.0	-0.0	-0.0	0.0	0.0	0.0	-0.0	-0.0	0.0	-0.0	-0.0	0.0	0.0	-0.0	-0.0	-0.0	-0.0	-0.0	0.0	0.0	-0.0	0.0	-0.0	-0.0	-0.0	-0.0	-0.0	-0.0	-0.0	0.0	-0.0	0.0	0.0	0.0	-0.0	-0.0	0.0	-0.0	-0.0	-0.0	-0.0	-0.0	0.0	0.0	0.0	0.0	-0.0	-0.0	0.0	-0.0	-0.0	0.0	-0.0	-0.0	0.0	0.0	-0.0	-0.0	-0.0	0.0	-0.0	-0.0	0.0	0.0
PFF_Baseline_14	0.8448153586783934	1.6469137155023632	0.08952544670224007	0.0	-0.0	-0.0	0.0	0.0	0.0	-0.0	-0.0	-0.0	-0.0	0.0	0.0	-0.0	0.0	0.0	0.0	0.0	-0.0	-0.0	0.0	0.0	-0.0	0.0	0.0	0.0	-0.0	0.0	-0.0	-0.0	-0.0	0.0	0.0	-0.0	-0.0	-0.0	0.0	0.0	0.0	-0.0	-0.0	0.0	-0.0	-0.0	-0.0	0.0	0.0	0.0	-0.0	-0.0	-0.0	0.0	-0.0	-0.0	-0.0	0.0	0.0	-0.0	-0.0	0.0	-0.0	0.0	-0.0	-0.0	-0.0	-0.0	-0.0	0.0	0.0	-0.0	0.0	0.0	0.0	-0.0	-0.0	0.0	-0.0	0.0	-0.0	-0.0	-0.0	-0.0	-0.0	-0.0	-0.0	0.0	0.0	-0.0	-0.0	0.0	0.0	0.0	0.0	0.0	-0.0	0.0	-0.0	0.0	-0.0	-0.0	0.0	0.0	-0.0	-0.0	-0.0	-0.0	0.0	-0.0	0.0	-0.0	0.0	0.0	-0.0	-0.0	0.0	-0.0	0.0	0.0	-0.0	0.0	0.0	0.0	-0.0	0.0	-0.0	-0.0	-0.0
PFF_Baseline_1921	-0.04151284490333015	1.8647183569934767	0.014006956805141349	-0.0	-0.0	-0.0	-0.0	-0.0	-0.0	0.0	0.0	0.0	-0.0	0.0	-0.0	0.0	0.0	-0.0	0.0	-0.0	-0.0	0.0	0.0	-0.0	-0.0	-0.0	0.0	-0.0	0.0	0.0	0.0	0.0	-0.0	-0.0	-0.0	-0.0	0.0	-0.0	0.0	-0.0	-0.0	-0.0	-0.0	0.0	0.0	0.0	0.0	0.0	-0.0	0.0	0.0	0.0	-0.0	-0.0	0.0	0.0	-0.0	0.0	-0.0	-0.0	0.0	-0.0	-0.0	0.0	-0.0	-0.0	0.0	0.0	-0.0	-0.0	-0.0	-0.0	0.0	-0.0	-0.0	0.0	-0.0	0.0	0.0	-0.0	0.0	0.0	0.0	0.0	0.0	-0.0	-0.0	-0.0	0.0	-0.0	0.0	-0.0	-0.0	0.0	0.0	-0.0	-0.0	0.0	-0.0	0.0	-0.0	-0.0	-0.0	-0.0	0.0	-0.0	-0.0	0.0	0.0	0.0	0.0	0.0	-0.0	0.0	-0.0	-0.0	-0.0	0.0	-0.0	0.0	0.0	0.0	-0.0	-0.0	-0.0	0.0	0.0	-0.0	0.0
PFF_Colon_1917	-0.14631593743397656	0.2771345812521481	-0.20690671928501514	0.0	0.0	-0.0	0.0	-0.0	-0.0	0.0	0.0	-0.0	0.0	0.0	0.0	0.0	-0.0	-0.0	-0.0	-0.0	0.0	0.0	0.0	-0.0	-0.0	-0.0	0.0	-0.0	0.0	0.0	-0.0	0.0	0.0	-0.0	-0.0	-0.0	-0.0	-0.0	-0.0	0.0	0.0	-0.0	-0.0	0.0	-0.0	-0.0	-0.0	-0.0	0.0	0.0	0.0	-0.0	0.0	0.0	0.0	0.0	-0.0	-0.0	0.0	-0.0	-0.0	0.0	0.0	-0.0	-0.0	0.0	-0.0	-0.0	-0.0	-0.0	0.0	-0.0	-0.0	-0.0	0.0	-0.0	-0.0	-0.0	0.0	-0.0	-0.0	-0.0	-0.0	0.0	0.0	-0.0	-0.0	-0.0	0.0	0.0	0.0	-0.0	0.0	-0.0	0.0	-0.0	-0.0	-0.0	-0.0	-0.0	-0.0	0.0	0.0	0.0	-0.0	0.0	0.0	0.0	-0.0	-0.0	-0.0	0.0	0.0	-0.0	-0.0	-0.0	0.0	0.0	0.0	-0.0	0.0	-0.0	0.0	-0.0	-0.0	0.0	-0.0	0.0	-0.0
PFF_Colon_1946	0.5323016548025754	0.2494166789774004	0.034572752365044895	0.0	0.0	0.0	0.0	0.0	-0.0	-0.0	-0.0	0.0	0.0	-0.0	-0.0	-0.0	0.0	0.0	0.0	0.0	0.0	-0.0	-0.0	-0.0	-0.0	0.0	-0.0	-0.0	0.0	0.0	0.0	0.0	0.0	-0.0	-0.0	0.0	-0.0	-0.0	-0.0	-0.0	0.0	-0.0	0.0	-0.0	-0.0	-0.0	0.0	-0.0	-0.0	-0.0	0.0	0.0	0.0	0.0	0.0	-0.0	0.0	0.0	0.0	-0.0	0.0	-0.0	0.0	0.0	-0.0	-0.0	-0.0	-0.0	-0.0	-0.0	-0.0	0.0	0.0	-0.0	-0.0	-0.0	-0.0	-0.0	-0.0	0.0	0.0	0.0	-0.0	0.0	-0.0	0.0	-0.0	-0.0	-0.0	0.0	0.0	-0.0	-0.0	0.0	-0.0	-0.0	0.0	0.0	-0.0	0.0	-0.0	-0.0	0.0	0.0	0.0	0.0	-0.0	-0.0	0.0	0.0	-0.0	-0.0	-0.0	0.0	-0.0	-0.0	-0.0	0.0	0.0	0.0	0.0	0.0	-0.0	-0.0	0.0	-0.0	-0.0	-0.0	0.0
PFF_Cecum_18	0.9007435071790778	-1.1814842769858496	-0.1940651494201966	-0.0	0.0	-0.0	-0.0	0.0	-0.0	0.0	0.0	0.0	0.0	-0.0	0.0	-0.0	0.0	0.0	0.0	-0.0	0.0	-0.0	-0.0	-0.0	0.0	0.0	-0.0	-0.0	0.0	0.0	0.0	-0.0	-0.0	-0.0	-0.0	-0.0	0.0	0.0	0.0	-0.0	0.0	0.0	-0.0	-0.0	0.0	0.0	0.0	0.0	0.0	0.0	0.0	0.0	-0.0	0.0	0.0	-0.0	0.0	-0.0	-0.0	0.0	-0.0	-0.0	0.0	-0.0	-0.0	0.0	-0.0	0.0	0.0	-0.0	0.0	-0.0	-0.0	-0.0	0.0	0.0	0.0	0.0	-0.0	-0.0	-0.0	-0.0	0.0	-0.0	0.0	0.0	0.0	-0.0	0.0	-0.0	-0.0	-0.0	0.0	-0.0	0.0	0.0	-0.0	-0.0	-0.0	-0.0	-0.0	-0.0	0.0	0.0	-0.0	0.0	0.0	-0.0	-0.0	0.0	-0.0	-0.0	0.0	0.0	-0.0	0.0	0.0	-0.0	0.0	0.0	-0.0	-0.0	-0.0	0.0	0.0	-0.0	0.0	0.0	-0.0

Biplot	0	0

Site constraints	0	0
