Eigvals	60
2.54594404510922	0.7797147327786964	0.5629287173912374	0.5235236441174762	0.4034819594593555	0.33173515154386946	0.2966026396578856	0.2617040056029084	0.22307519843724372	0.1962002608367442	0.16408160057363336	0.13251416455959525	0.12502940478520352	0.11227356530757218	0.1095180113091993	0.09966801970310654	0.0985587522620279	0.0821727242476441	0.06566453226512009	0.062389238615914167	0.05876190301612494	0.046327313170629186	0.04402126320793981	0.0405759163051963	0.039085173621892594	0.03653047073825291	0.032505510378930014	0.030933656582592645	0.02922847415143494	0.02780669210707562	0.02179555624876668	0.01776124300644849	0.015453781575919562	0.011646603743935405	0.011071501450886603	0.009423610673256061	0.00532133928398304	0.003967517822795433	0.0	0.0	0.0	0.0	0.0	0.0	0.0	0.0	0.0	0.0	0.0	0.0	0.0	0.0	0.0	0.0	0.0	0.0	0.0	0.0	0.0	0.0

Proportion explained	60
0.3324121614598312	0.10180375336329207	0.07349900405521448	0.06835406553836972	0.05268077690536147	0.04331312739128627	0.03872603749197463	0.034169483941437755	0.029125898906950966	0.02561696236372977	0.021423377158365745	0.0173017627586584	0.016324512225838295	0.014659041148365274	0.014299261182902949	0.013013193248129454	0.012868361318914705	0.010728913281764701	0.008573514859224252	0.00814587488675915	0.007672270421891814	0.006048743425943877	0.00574765312743378	0.005297810086648973	0.0051031706960114	0.004769614933436933	0.0042440944392207035	0.004038864744976998	0.003816226946352423	0.003630591428007799	0.0028457451674123698	0.0023190035104379415	0.0020177289230876093	0.0015206432881448681	0.001445554836511338	0.0012303973446198024	0.0006947827061038291	0.0005180204873863421	0.0	0.0	0.0	0.0	0.0	0.0	0.0	0.0	0.0	0.0	0.0	0.0	0.0	0.0	0.0	0.0	0.0	0.0	0.0	0.0	0.0	0.0

Species	0	0

Site	60	60
PFF_Colon_11	0.10765122944119061	0.1878006371117758	-0.047271926885085844	0.014716514391843558	0.061651742359677505	0.06183310887330525	-0.05795427086188491	-0.05965499393211503	-0.01966003553453607	-0.04199867989591879	0.07320716751300899	0.015078438315751789	0.003577983881802345	-0.006071453116616461	-0.04702868107904807	-0.0401149645413389	0.06540044028020241	0.037891856113209596	-0.020530270778178858	0.042139618118591855	-0.05414817833783959	0.032905821720366234	-0.028510475556798923	0.054861404199829863	0.03443310061423425	0.01485238281056722	0.03053285489584086	-0.0030881691435073093	0.025709780479554148	-0.022381538269797246	-0.01314022635255168	0.0008962864519789911	-0.00021422500060636594	0.0012157964896057807	-0.00420478706564986	0.007115286970843611	-0.01355782580352997	0.014864432776999186	0.0	0.0	0.0	0.0	0.0	0.0	0.0	0.0	0.0	0.0	0.0	0.0	0.0	0.0	0.0	0.0	0.0	0.0	0.0	0.0	0.0	0.0
PFF_Colon_12	0.11492697201047493	-0.05924061441910435	0.02605636145374654	-0.17905531220282356	-0.06469474897312454	-0.20257884667060871	0.026955898675492213	-0.12302227904437975	0.03279693592121146	0.01347130151904572	-0.05463058681437972	0.011806897788251393	0.04226285713117909	0.14705851506560078	0.0018950910810884944	0.03442555454027543	0.08119989553048253	0.0211262835832799	0.01582178034598648	-0.019080055308974265	0.0043620016156732284	0.01740640634186223	-0.02250211409074677	0.0031655832129441177	0.029766567244789887	-0.0007848774674768856	0.04436036917082881	0.003821643056464739	0.008397181440571218	0.0007725385807288334	-0.0067912786241479525	0.034971482948790926	-0.0068485916509309665	-0.012502400662022234	0.007567079913806309	0.02537974095155203	-0.0032717578965143004	0.0042763937219123145	0.0	0.0	0.0	0.0	0.0	0.0	0.0	0.0	0.0	0.0	0.0	0.0	0.0	0.0	0.0	0.0	0.0	0.0	0.0	0.0	0.0	0.0
PFF_Colon_13	-0.019198488902184726	-0.007333487522999757	-0.0787276691843132	-0.04680463793381622	-0.10191214805863355	0.06241787090264796	-0.0278169588943185	0.035727556472950416	-0.1260291863247946	-0.054630878482849865	-0.0573932239961357	0.031843917103108826	-0.03652140587355776	-0.01546148845598961	-0.02702841919051386	-0.027825538166858076	0.08538919937331299	-0.07144070397664343	0.028500433678807044	-0.030168711981374132	0.053320813057248	0.015116252061033024	0.005322026513403113	0.028374837558208996	0.025096612861176194	0.008518491691493463	-0.027066687406702164	0.004197485100150816	-0.025401292066239974	-0.010533465477034012	0.039422830193190254	0.0065203624848427545	-0.002683851570327051	0.009354342151525061	-0.003050578732966645	-9.023733901222505e-06	0.004640025166059741	0.005671656461382629	0.0	0.0	0.0	0.0	0.0	0.0	0.0	0.0	0.0	0.0	0.0	0.0	0.0	0.0	0.0	0.0	0.0	0.0	0.0	0.0	0.0	0.0
PFF_Colon_14	0.17588630375632522	0.20988054501362566	0.012486244699017799	-0.014915609068037875	-0.012668523370513891	0.014961373707264159	0.0132434756598834	0.10938000757288438	0.06815258487144492	0.0014581298691605396	-0.044573288746536245	-0.061568689830971	0.029613977572543793	0.001727334029255214	-0.01241718584045101	0.03001138740438475	0.00895715087119032	0.0024597827665727304	0.0016406351329189646	-0.01769507579016056	0.023357982092940963	-0.03637176753609746	-0.01186674212637628	0.03216790853466529	0.007723302698622809	-0.017275769846025166	-0.024293262810356046	0.003783067128372801	0.026806565091483936	0.012670729375491728	0.003565229724603287	-0.00045146373768480786	-0.006965454775273489	0.009595914770910962	2.8804383186340265e-06	0.014842779315585728	0.010927161050045531	0.00771411218733766	0.0	0.0	0.0	0.0	0.0	0.0	0.0	0.0	0.0	0.0	0.0	0.0	0.0	0.0	0.0	0.0	0.0	0.0	0.0	0.0	0.0	0.0
PFF_Colon_15	-0.048682084608362396	-0.075485255762867	-0.17702821667981508	-0.27566221757605086	0.04786137792074629	-0.18160721614368674	0.07504550700082377	0.06746532568975266	0.07994077552802631	0.05025091141185091	-0.0609793467884963	0.06831164539514262	-0.024796160589113388	0.018875901068056433	0.03679075110251454	-0.07747344398382908	-0.0012957802615597902	-0.003950342455541869	0.0032968048890666345	0.031926695111247155	-0.019534750375400787	-0.016192334750009016	-0.0033660138067764067	-0.004665456569528417	-0.0045143882495924745	-0.02616042444764763	-0.017506658100653414	0.002907419227513392	-0.0007387467930961313	-0.0013286724342985695	0.00786031970437216	-0.02496996231782458	0.01521873122226785	-0.005204079188598145	-0.01857450676161513	0.0002280360895407258	0.006136542651757082	0.001704793151299206	0.0	0.0	0.0	0.0	0.0	0.0	0.0	0.0	0.0	0.0	0.0	0.0	0.0	0.0	0.0	0.0	0.0	0.0	0.0	0.0	0.0	0.0
PFF_Colon_16	0.2933023950606236	0.14929148988979657	-0.005079878790183507	0.021133957376530718	0.004108559115806555	0.005802779231241103	0.03595384695689456	0.15545146672871155	0.033623550404222644	-0.04182789629629342	-0.058837799397366865	0.06967045991439835	0.0101465065287677	0.02153133812623778	-0.030626743750998855	0.039535381461972746	0.027476002874853845	0.013276672331643069	-0.03115096258143895	0.042948214792776496	-0.014287049538258467	-0.04390164152214775	0.004835970055546339	-0.0019420822789616916	0.01612610069110413	0.018261852717088203	0.023688633637659603	0.011298407544313754	0.008330206171681362	-0.02453890897081214	-0.0010028477028288427	-0.008396476740909488	-0.019428955521258878	0.004479446477327834	0.02265521402623283	-0.010320125290112796	0.016366528621830852	0.0005307163554060302	0.0	0.0	0.0	0.0	0.0	0.0	0.0	0.0	0.0	0.0	0.0	0.0	0.0	0.0	0.0	0.0	0.0	0.0	0.0	0.0	0.0	0.0
PFF_Colon_17	0.20977487212845133	-0.3239678750583859	-0.002175194623017499	0.06925698895981279	0.15256272466301699	0.09442316995311156	0.0560438683751708	-0.0018210430623437426	0.021116116721707327	-0.04786977089150916	0.013249551901291614	0.02315561222885659	0.012276835861966054	-0.022782167828706436	0.036113360169933	0.02876573662617618	0.03002133026629955	-0.048401168452227014	-0.01034241034013351	0.00506592159554377	0.0769344305279682	0.01217718148214628	-0.011558226541740423	-0.010480283243536248	0.01826233456521034	-0.0334223216218605	0.025212127360102008	0.01521542364452228	-0.0016399729856234682	-0.0216070062361996	0.02312898944852115	0.007951338754050989	0.004916519356367444	0.012261366653369313	-0.01294630873653376	0.010306214463432816	-0.007280610478173265	0.0108291187779131	0.0	0.0	0.0	0.0	0.0	0.0	0.0	0.0	0.0	0.0	0.0	0.0	0.0	0.0	0.0	0.0	0.0	0.0	0.0	0.0	0.0	0.0
PFF_Colon_18	0.4156284606808405	0.11445063938988251	0.014847136631559055	0.10524082750671929	0.0495990806783252	-0.1011888944017934	0.025005283169112446	0.05439280560974419	-0.008931846277046927	-0.05979250801791198	-0.0984130389755884	-0.06782670477828047	0.04131285857435547	0.009350450727626644	0.04302239137925055	0.017056938837336093	-0.0986602910108016	0.007366636304296646	-0.01463344024729174	-0.03533418428888032	-0.013283461937020615	-0.0029477489481122177	-0.03658966435224437	0.01755703120054811	0.0404332021573275	-0.011344894766894466	0.0012526286448031336	0.007137880968990137	-0.016195803706870304	0.009635005020208238	0.00011233264641177642	0.01384772558395465	0.00622540583027487	0.011131414241514663	-0.008940053467833465	-0.008678035489469263	-0.012585495233687538	-0.0003814790268894397	0.0	0.0	0.0	0.0	0.0	0.0	0.0	0.0	0.0	0.0	0.0	0.0	0.0	0.0	0.0	0.0	0.0	0.0	0.0	0.0	0.0	0.0
PFF_Colon_19	0.22464852118307235	0.10239635756575459	0.023661914406695392	0.006003095954305446	-0.018850796516882602	-0.033920542233424236	-0.023460009121256106	0.07305619137880197	0.048537392099204664	0.04318873331788432	0.03860428133122293	0.06204315312402269	-0.011492564776789619	-0.00908260527173303	0.04352508717783794	0.03517548708215399	0.004760232558190633	-0.054653285460083925	0.07433583850082402	-0.016109361406690784	-0.030326348348715334	0.02895431142770133	0.05262734462456593	0.008147131103596508	-0.002309066786636202	0.011415352065316882	0.024191718600424475	-0.06054357424915646	0.016183479026393055	0.021578512136775516	0.0030675390487699514	-0.005972622799952716	0.0007842068773348146	0.01416474446952823	-0.010087739994434146	-0.008251848330717062	-0.02985393044364714	0.005247026134017446	0.0	0.0	0.0	0.0	0.0	0.0	0.0	0.0	0.0	0.0	0.0	0.0	0.0	0.0	0.0	0.0	0.0	0.0	0.0	0.0	0.0	0.0
PFF_Colon_1904	0.12668366769554762	0.15469536379492796	-0.0030718530183043557	0.08938210366098188	0.036590005123755924	-0.008426133646201758	0.00678405647932108	-0.056294538540574084	-0.08890896956915233	0.10678685284982363	0.03030143423622277	0.042281030605426526	0.036656925762519416	0.028238835200879574	-0.03610592045495686	-0.05032740338914451	0.0004063010895582444	-0.10462289196417518	0.042309384234932426	0.002867645194817304	-0.012670494379212067	-0.022850992710215783	-0.0023526235803334474	-0.02107425024643591	-0.0019087499340692455	0.004701631500755705	-0.022159242307001455	0.0061896924657620055	0.018183502503004483	0.006121604175920652	-0.00039849593306722793	0.016134525770207308	-0.00885135587676296	-0.0032272511618312836	0.0019232460351224603	-0.015838949968632627	0.008055436196456078	-0.010410925821432087	0.0	0.0	0.0	0.0	0.0	0.0	0.0	0.0	0.0	0.0	0.0	0.0	0.0	0.0	0.0	0.0	0.0	0.0	0.0	0.0	0.0	0.0
PFF_Colon_1906	-0.03801922755846344	-0.007727336688750987	-0.09134699157189854	-0.11598002456089594	-0.027648066149276954	0.04684298655008036	0.05446641355001264	0.03693739808017428	-0.18967428344023943	-0.05563184467609187	-0.010606857553740868	0.00308250319103213	0.10200291924906203	-0.025724272518637722	-0.06433938965548852	-0.04796762888346648	-0.02473615373828997	0.007387273998621107	-0.021285618104173197	-0.013814735190526522	-0.028687318890682177	0.022067863712640537	0.008924138923479763	-0.04159730942534188	-0.009842152219457277	-0.05691464990186173	0.05519456875820999	0.0011509657618795713	0.0318374315272777	0.012413695677203912	0.019813666686123273	-0.0024563038115585248	0.0009476149674734388	0.009031553432085228	0.025799378770433694	-0.00299742453960781	-0.0025937730922757905	-0.00724915473248621	0.0	0.0	0.0	0.0	0.0	0.0	0.0	0.0	0.0	0.0	0.0	0.0	0.0	0.0	0.0	0.0	0.0	0.0	0.0	0.0	0.0	0.0
PFF_Colon_1907	0.020685728818256442	-0.05880933673609697	-0.014179303518827168	-0.04541300353184751	-0.029450423727130397	0.05873985893483002	-0.06745202999122539	-0.014153614761445244	-0.09864851737093863	0.07750945574198827	-0.07786382068341749	0.06498069826004879	0.054652903181255895	-0.03132611218461562	0.06786423855782811	0.05186973868022889	-0.012126437795010799	0.009789433139853565	0.03611417570407549	-0.046690807984999784	-0.00524915654899229	0.007476773494002055	-0.0323021660140948	-0.047903589587543205	0.009643986878917495	0.0351236861603455	-0.016722931883359347	0.04498110872434572	-0.006113479966790256	-0.03813252425411345	-0.015835929232877268	-0.03158790707137098	-0.00464438042437396	-0.0062724254856094865	-0.0029153447034080057	0.000386072148708424	-0.00040472917844073365	0.004756586666016403	0.0	0.0	0.0	0.0	0.0	0.0	0.0	0.0	0.0	0.0	0.0	0.0	0.0	0.0	0.0	0.0	0.0	0.0	0.0	0.0	0.0	0.0
PFF_Colon_1908	0.09449863497711412	-0.08687606263591097	0.08387504903664114	-0.024284181122313286	-0.05873129654163468	-0.023296913515117368	0.011638600004987908	-0.029132829609924683	-0.09361404599951928	0.07614842334950393	-0.051844768473940574	-0.007451272825872267	0.017317804271892855	0.008997739577479359	0.04218588101222146	0.03257336790233895	-0.021271017478354665	0.019080010596715186	-0.03856553894115733	-0.009475022369232587	0.0071588847539331745	0.01119162453665971	0.02696683172356701	0.0218370609917834	0.019647724794486583	0.04527744008731245	-0.02386701144077388	-0.06941166475444276	0.012996106021297664	-0.010175059734082517	0.0008350452322903752	-0.011972507972462064	0.04647410760545545	0.0039812564760141125	0.01451248830119532	0.0064148192551609666	0.002653152682358448	-0.010009773688879712	0.0	0.0	0.0	0.0	0.0	0.0	0.0	0.0	0.0	0.0	0.0	0.0	0.0	0.0	0.0	0.0	0.0	0.0	0.0	0.0	0.0	0.0
PFF_Colon_1910	0.11855986459075672	-0.025828242508956368	0.14229594339930066	0.012681643178845613	0.05787992470982614	-0.12187946270648736	-0.15118608412112902	-0.019408841673488268	-0.038080214644978745	0.022852901962383893	0.010411511456189118	0.041162244496994876	0.021233955885606504	-0.03414418033698025	-0.04337967273125482	-0.043397682485502506	-0.02430301119036359	0.032349771749743315	0.0023093453173778787	-0.013491174635056297	-0.03748345950517914	-0.039891052529757984	0.06932435975802104	0.03701066734224245	-0.027161314928820738	0.03073311836261568	-0.01045264192766533	0.05127239232122257	-0.04069862989652465	-0.00265718481143721	0.0006159900661290459	0.014784742002863276	-0.0024900739812727408	0.02473963518966114	0.007521780660699901	0.008265405046111115	-0.002695799148370911	0.007635120949973141	0.0	0.0	0.0	0.0	0.0	0.0	0.0	0.0	0.0	0.0	0.0	0.0	0.0	0.0	0.0	0.0	0.0	0.0	0.0	0.0	0.0	0.0
PFF_Colon_1913	0.34598192715970366	0.028799215625461696	0.0942527916086802	0.0370615524594957	0.01657469020606404	0.0660022797026153	0.0062311754090614456	-0.02304544672431617	-0.019750269009285486	0.10989806379361736	0.06757070498028665	0.034995479137554644	-0.06320151838520864	0.042018494269388786	-0.003644139192268115	0.008293322950252941	-0.020310324338557978	0.04137634497601966	0.0671925606400168	0.013306194765393626	0.018765328824796437	-0.015555653568572709	-0.03852987970895336	0.002601977344555468	-0.025669071944544836	-0.03212093160273078	0.0161971819565224	-0.0020984090571051985	-0.04054052729457593	0.02129031936940441	0.0003154949322192509	-0.0048416611268184175	-0.008030267241093353	-0.009755471357603934	-0.007496018388671909	0.0076185000138840305	0.011449689434905824	0.0024230454649656645	0.0	0.0	0.0	0.0	0.0	0.0	0.0	0.0	0.0	0.0	0.0	0.0	0.0	0.0	0.0	0.0	0.0	0.0	0.0	0.0	0.0	0.0
PFF_Colon_1914	0.07040523226082394	-0.026568850047349966	-0.019860627725918505	-0.14853287381288452	0.00197544760905297	0.12050470643533441	-0.011688000319533372	-0.003638629723857499	-0.0036267402451058825	0.039116133861373165	0.020869939196018747	-0.016972135998849166	0.10453328605634933	0.03958515362732642	0.0008756180202770938	0.0309948216661726	0.043979687712724126	0.032992164091633615	0.019169619637780834	-0.02278529103018842	-0.030295431461517593	-0.021659459404222144	0.024868183382479998	0.009066080129642743	-0.03146978206770572	-0.045401474223893214	-0.03065956147337051	-0.03836885462793955	-0.004008600232902463	-0.015895123866626552	-0.008440077103222024	-0.018192364500934796	-0.026814050976990324	-0.0017138292627798437	-0.0010684839658766027	-0.009837140698792048	0.009555920264259056	0.007439229720277116	0.0	0.0	0.0	0.0	0.0	0.0	0.0	0.0	0.0	0.0	0.0	0.0	0.0	0.0	0.0	0.0	0.0	0.0	0.0	0.0	0.0	0.0
PFF_Colon_1917	-0.09274192635616782	-0.0758077430094094	0.049609871413672624	-0.06886477279537147	0.16833319842143726	0.039013741932934554	0.03333877210874715	0.03129111629049547	-0.0680696456730707	-0.04093142877538448	0.10517531567784044	-0.0620642363709848	0.05089667316744147	0.05536710697647757	-0.012551204416279474	0.017117701793388517	0.016266331014315818	-0.013378687848370851	-0.010586129655144558	-0.04025934181250246	-0.02898661841220605	-0.010518100509050641	0.049325189442006374	0.03500089724616692	0.015991625459671616	0.010221695235446753	-0.011590165658804807	-0.006368954570897139	-0.015756214348502485	-0.004062168070228671	-0.02223555834762605	-0.011851322902811752	0.03371759027977921	-0.018397506767162508	-0.012604516043075761	0.0035636928072438905	0.006712706280107619	0.002283063592985989	0.0	0.0	0.0	0.0	0.0	0.0	0.0	0.0	0.0	0.0	0.0	0.0	0.0	0.0	0.0	0.0	0.0	0.0	0.0	0.0	0.0	0.0
PFF_Colon_1920	0.16217355750162668	-0.29029722105789524	0.1794965085239259	0.08662274590859671	0.07175131823173449	0.018633885317970056	-0.11984351075434813	-0.011824599494973848	-0.005921407812099305	-0.08478951671372231	-0.07745945288258524	-0.05416444021560877	0.02708596148499099	-0.03333032610526894	-0.006151963528062392	-0.05876612941516931	0.024859217795480656	0.02263467949653834	0.04387899130149987	-0.0023387301016248013	-0.027852673501201772	-0.016099619974168547	-0.0206155828219951	-0.013100425659060637	-0.013314774265987166	0.015799211400215094	-0.012520020389214482	-0.025460739693052133	0.01510914564269235	0.010175376326365766	-0.005820494140149108	0.017696350911260688	-0.008466984038385509	-0.021321123876087623	0.007034849677245176	-0.007110844775836046	0.00555646299258035	7.942258674721898e-05	0.0	0.0	0.0	0.0	0.0	0.0	0.0	0.0	0.0	0.0	0.0	0.0	0.0	0.0	0.0	0.0	0.0	0.0	0.0	0.0	0.0	0.0
PFF_Colon_1921	0.017765263288364006	-0.22648799724380578	-0.01739932341578884	-0.03611212491315486	0.13201301488889716	-0.1491360036635876	0.10164121689955379	0.08419830573868176	-0.08079045186915763	-0.06252525928505343	0.08070084477741371	0.023745952457418562	-0.06288964575377336	0.06129564280855075	-0.0634106481764766	0.062393631687356454	-0.026431485062975595	-0.006526777951280689	-0.01717702411696924	-0.018274014119479622	-0.008231153729867638	0.0006473013963395312	-0.029299104716856744	0.006223841042914598	-0.0031742093148639998	0.032637560166147175	-0.029275059753852976	-0.008742897585483375	-0.019147957279432793	0.017350337993629793	0.007630087155831985	0.001361520629556582	-0.041664973473933796	0.009785239330762877	0.0034888887319078797	-0.0123375589508157	-0.005289077544481775	-0.007452763808783906	0.0	0.0	0.0	0.0	0.0	0.0	0.0	0.0	0.0	0.0	0.0	0.0	0.0	0.0	0.0	0.0	0.0	0.0	0.0	0.0	0.0	0.0
PFF_Colon_1937	0.37633180547053774	-0.2170026652138807	-0.041832834391812686	-0.11458166666286909	-0.00511298707805636	0.11056789637851623	0.06759198265085684	-0.07653063993257363	0.08013368317910884	-0.0432699452003955	-0.07471491561394127	0.025160363727761738	-0.07623718223685821	-0.027643736641933998	0.010709862455620524	-0.10415956851839499	-0.0632690477045684	-0.028373808070224	-0.0347960351538293	-0.006876903458288429	-0.029803743172062098	-0.003987246730506857	-0.008083179259386303	0.02576815704096801	-0.026990256606779003	0.013454087847120908	0.007603496251535927	-0.01671212996534114	0.004042391707278942	0.017790112393248233	-0.021842087826582264	-0.016344469754625206	-0.0023245842801086023	0.0025300830396365786	-0.0026147473577045575	0.006846295492470282	0.0018433726883196478	0.0036057870343137116	0.0	0.0	0.0	0.0	0.0	0.0	0.0	0.0	0.0	0.0	0.0	0.0	0.0	0.0	0.0	0.0	0.0	0.0	0.0	0.0	0.0	0.0
PFF_Colon_1938	-0.17226361194180517	0.09435936797613793	-0.08110789863808934	-0.11536080258408085	0.10104512740273124	0.09944105514341979	-0.055798987478760914	-0.07405965170665041	-0.09485137884695084	-0.02020944272355863	-0.11499604798099626	0.024373616768294293	-0.12146792277378446	-0.00441049438831164	-0.058646945809141496	0.09211049130212852	-0.03742666394162732	0.016193763952454813	-0.022479057196932085	-0.008599800221430042	-0.01767335356600891	0.008190044634900771	-0.02457737226411326	-0.018820046240223577	-0.005698313777515153	0.022611710751072794	-0.005726647494113826	-0.01769808595680215	0.008561639488728375	0.04148426413913851	0.0014519580440548283	0.004223226039128739	0.0009545770075066752	-0.0050391349529771414	0.004354710670533752	0.00499225518856379	-0.0027209811320147	0.0030003510334986484	0.0	0.0	0.0	0.0	0.0	0.0	0.0	0.0	0.0	0.0	0.0	0.0	0.0	0.0	0.0	0.0	0.0	0.0	0.0	0.0	0.0	0.0
PFF_Colon_1941	0.2931047709353926	-0.012903102749853596	0.0970236940536925	0.14284292063433723	0.09635455846059038	-0.03903193352345659	0.03714589058289775	0.033458978433368466	-0.01125483810264276	-0.03512092918841121	0.08387185145455675	-0.008149089859657151	-0.05065210343530377	0.007478896386325483	0.0675111166318298	-0.026969791875365072	0.0437174699525582	-0.06140841219057889	-0.0029015032966209025	-0.017375701585962616	-0.025559884025635745	0.05773773345326467	-0.023637940682257687	-0.006598301035465121	0.01249943038782665	-0.010033030880453037	-0.03063610958507078	0.021257200914382594	0.04949408194236023	0.004635053767835828	-0.010065827757686356	-0.016060027029717976	-0.003757189806515942	-0.0035818455999293407	0.006560884205225577	0.00033190437218290044	0.009978571858566581	-0.006120394421534509	0.0	0.0	0.0	0.0	0.0	0.0	0.0	0.0	0.0	0.0	0.0	0.0	0.0	0.0	0.0	0.0	0.0	0.0	0.0	0.0	0.0	0.0
PFF_Colon_1942	0.196376609160999	0.12290745647058741	0.031802668028549336	-0.10398223208488323	0.07363464293024635	0.0601337631970763	0.05279885947049806	0.005067467179053815	-0.0005660214179225982	0.0225515759191612	0.022697783131182772	-0.006287740266839127	0.02318152911438531	-0.0006477106352043413	0.013550136117021995	-0.01649355501519569	-0.01570957677093761	0.005210118176652717	0.018688531793285137	0.03087217274563371	0.007478621351540119	0.021508189325816836	-0.022627421785062857	-0.008934454906291167	-0.035906869226567696	0.021029989297550126	-0.01571715140842794	0.031569239983575546	0.004112082636201618	0.011282717602784034	0.02320445568965638	-0.008213877668742656	0.04038058259598641	-0.02173740874395885	0.027579206097994104	-0.006981310469817948	-0.011860099919630045	0.014752315886330322	0.0	0.0	0.0	0.0	0.0	0.0	0.0	0.0	0.0	0.0	0.0	0.0	0.0	0.0	0.0	0.0	0.0	0.0	0.0	0.0	0.0	0.0
PFF_Colon_1943	0.17286284684915776	0.09208299455867658	-0.020363382427647195	-0.07956316431327111	0.15228930415272585	0.04556280141965565	0.0720571499326444	-0.08347891730377789	0.024189763738069914	-0.031205444951836005	0.03977539776031499	-0.004745466591831518	-0.02523696807924402	-0.06570287329887281	0.009450048444962096	-0.02534402736379193	0.003675459243571307	-0.006417249205087507	0.0022509516537887304	0.010005217581093072	0.024974136092452085	0.009440018806594518	0.034104899168092374	-0.023271635520500825	0.0021967223232656355	-0.0010214248247851585	0.028389013646886715	-0.0144060385894901	-0.029453652696537488	-0.024333429587374972	-0.02018238985044516	0.01307271788461889	-0.002374948248996627	0.006235527220695098	0.002259890928972753	0.0004536941776613839	0.0091956626625468	0.0017707960137394725	0.0	0.0	0.0	0.0	0.0	0.0	0.0	0.0	0.0	0.0	0.0	0.0	0.0	0.0	0.0	0.0	0.0	0.0	0.0	0.0	0.0	0.0
PFF_Colon_1944	0.06583353722375893	-0.04751748697557432	-0.1212598377030613	-0.17925088749185916	0.01854573247773443	0.054163252797528635	0.03523554484337177	-0.02276649364971521	0.0681941716746848	-0.015837626291080036	0.0196951410049878	-0.011331933946692033	0.06338344600793624	-0.0426967594726466	0.05224436580778662	0.033529235749087366	-0.011751030713566065	-0.06358831436555651	0.016574999338307295	0.08348628712765874	0.0011054620794089009	-0.04569734892887232	0.02247215967018133	0.006627755570557727	0.013146114751484339	0.03771586505041828	-0.0027462784977330297	0.01678880708428589	-0.000841146486677478	0.009666624516075696	-0.0025915866515026664	0.026062290230506123	-0.007173127008634463	0.007982766889945704	0.01085183735357224	0.004580842196791462	0.0020369521089258907	-0.019828257678672776	0.0	0.0	0.0	0.0	0.0	0.0	0.0	0.0	0.0	0.0	0.0	0.0	0.0	0.0	0.0	0.0	0.0	0.0	0.0	0.0	0.0	0.0
PFF_Colon_1945	0.15448110480338098	0.042984654797889855	0.12366904745625029	-0.1043858074156388	-0.07329007897031342	0.05643128108585566	0.00651823504087581	-0.03050339369025127	-0.02015026725731091	0.039306389341625086	0.004569445594904828	0.02239124778044772	-0.06364108318564478	-0.048274595412114804	-0.04837871562391134	0.010054128742049607	0.0034986996230125115	0.01438851795670192	-0.01353092913256673	-0.021288293779772295	-0.009243999392049349	-5.054779776181546e-05	5.939522641163687e-05	-0.02209041802888722	0.03482755734125377	-0.029703034713627237	0.006381161038492098	0.033076355169990586	-0.012089826548027672	0.0008180226066429249	-0.019760059855189378	0.03864321545362499	0.029748661106442146	0.016652356025614875	-0.024183080088066335	-0.013461140786582913	0.0049827395856095556	-0.001705972642841365	0.0	0.0	0.0	0.0	0.0	0.0	0.0	0.0	0.0	0.0	0.0	0.0	0.0	0.0	0.0	0.0	0.0	0.0	0.0	0.0	0.0	0.0
PFF_Colon_1946	-0.027392261198540352	-0.00501238628828186	-0.12424667290103425	-0.18526844531872538	-0.06331074391227734	0.01875616093283898	-0.1289024216566756	0.05336801880815489	0.0471917960122226	0.011914725150075705	0.03872466677727122	-0.03222085582517223	0.03338226932733847	-0.04101246878422228	-0.04628997714527983	0.011125488549036862	-0.05068188399103677	-0.0241522129242383	0.042774800294422176	-0.03067709861720627	0.06441229818275818	0.03836927998844183	-0.0035988123044993414	0.019770529596873632	0.0012543050105954389	0.021738072063225086	-0.005507700686297768	-0.0066410128928353985	0.004885406417424997	-0.009480906388698722	-0.0012590763075658812	0.017385172144011623	-0.02242024605609409	-0.01910584881340454	-0.018564052347701115	-0.01581995892745506	-0.00911315263272791	0.0027924141591507538	0.0	0.0	0.0	0.0	0.0	0.0	0.0	0.0	0.0	0.0	0.0	0.0	0.0	0.0	0.0	0.0	0.0	0.0	0.0	0.0	0.0	0.0
PFF_Colon_21	0.2443639345829543	0.09013211366188502	0.04972399975636164	0.03988208823615266	-0.06806281101077427	-0.11750778982080572	0.038188960780502594	-0.06670767123294392	-0.1297591156766083	0.006318889530752937	0.07039209740224639	-0.023580813054616668	-0.022436723648018245	-0.010558825118873561	0.021131864531971897	-0.01599036803527638	-0.0549089693407065	0.05100030590301496	0.018764179603885024	0.07869420735709004	0.055266155958487814	-0.00798152397738711	9.947814325881929e-05	-0.02355497032336201	-0.03579616161942217	0.03295455271319591	0.025931166545004936	-0.02441855756443063	0.009184299854464366	-0.011407544947497381	0.004165567958636774	0.0043827611452372855	-0.011033081057301837	-0.010501675317333802	-0.01277452127378515	0.0048805733043012335	0.00735386821119414	0.0022859995330132585	0.0	0.0	0.0	0.0	0.0	0.0	0.0	0.0	0.0	0.0	0.0	0.0	0.0	0.0	0.0	0.0	0.0	0.0	0.0	0.0	0.0	0.0
PFF_Colon_25	0.13068243773557012	0.23677018894958837	0.030173762023118104	0.01826080258386672	0.05279019893004852	0.03832770150160341	-0.07815207943382306	0.04202939344024568	0.02413313918360371	-0.021382344002365362	-0.04463377389378262	-0.040346722665003935	-0.02452926220444409	-0.0009908075351369784	0.05220429730687177	0.021395594468061586	0.007879713774034038	-0.024347101751139286	-0.04062848687004922	-0.0147710390217967	-0.013771050285500137	-0.02041702125210919	0.024775318976279243	-0.044832047269076025	0.01501461710259066	0.008298962734305115	0.026597330031030084	0.00039919684970907246	-0.01134250672818663	0.0107260547065924	0.003756927017316011	0.0004992756070725224	-0.007872571119492048	-0.0114628130767039	-0.019179334149952956	0.0034186251800206236	-0.003726748994858043	-0.010266877723285018	0.0	0.0	0.0	0.0	0.0	0.0	0.0	0.0	0.0	0.0	0.0	0.0	0.0	0.0	0.0	0.0	0.0	0.0	0.0	0.0	0.0	0.0
PFF_Colon_27	0.22726192136806572	-0.022205134637788355	-0.04855894542598624	0.013987399825725395	-0.02211906742462201	-0.11936426066883869	0.03558933834976603	-0.06678610393145014	0.022911873727202846	0.04956101966243111	0.08927358625987084	0.04078137914306854	-0.018399833397148013	-0.15581906216782562	-0.01934523883576653	0.07926542148068917	0.08901447724727991	0.03133470245078154	-0.05769174875705121	-0.05616936990235863	-0.001115360516515125	-0.056335885719656545	-0.014632623602740506	0.004657859943245663	-0.016819041871744742	-0.02357145684820153	-0.010350250698257159	-0.0034758208320172755	0.022914380345112836	-0.0004039932684252642	0.0157437319544414	-0.0021061592573012947	0.008956606639818978	-0.011540533987088599	0.004405999173298896	0.004580915639329092	-0.007080492326840811	-0.008615189000166577	0.0	0.0	0.0	0.0	0.0	0.0	0.0	0.0	0.0	0.0	0.0	0.0	0.0	0.0	0.0	0.0	0.0	0.0	0.0	0.0	0.0	0.0
PFF_Colon_28	0.38530047369011455	0.15613536789385482	-0.04364628263014105	0.12181428859590754	-0.014385487676848144	0.01088056711994701	0.004744087185909073	0.12856585317897223	0.05201832829030087	-0.05684827048761588	-0.07120749454375377	0.0038838697580949096	0.007401443018444139	0.035779103287968406	-0.0650431586238277	-0.008981560462414958	0.016558605362222034	0.016232229034900177	-0.02713823857031953	-0.0066016482071192106	0.03889930943969168	0.021352895357184615	0.032464773274388646	-0.0188460918817511	-0.04398638555895049	-0.002481126784936392	-0.017470306168319148	-0.010963750073408541	-0.014167855523996749	-0.013659599456471588	-0.006535527510000496	-0.007326885922604104	0.006197926001161197	-0.01512402239968618	-0.006248432683267087	0.011640245236535028	0.0007175920957839991	0.0003518907775431322	0.0	0.0	0.0	0.0	0.0	0.0	0.0	0.0	0.0	0.0	0.0	0.0	0.0	0.0	0.0	0.0	0.0	0.0	0.0	0.0	0.0	0.0
PFF_Colon_30	0.3024687498507567	-0.14491895700567253	-0.01040600928700707	0.010477041383216503	-0.10512366913808881	0.05841072130673245	-0.015633943078584497	-0.11335621892092547	0.06764521076904702	0.048814984910128714	0.018896009698511587	-0.09010791872458312	-0.022508561702269583	0.06506131618326114	-0.08742073412539945	-0.014832750361458567	0.0012752368368546367	0.05168141332544744	-0.057165291208658625	0.02694198191337862	0.0325186072098485	-0.0023499114078558547	0.03923142943720052	-0.02645911817714666	0.03719813628200219	0.00892231873451663	-0.037458355596440944	0.017097188325855116	0.021431592344642956	-0.009266354872314093	0.032531768491688796	-0.02137099177643207	-0.007823375172553477	0.0026005917819344284	-0.010320650888744001	-0.020836602968849472	-0.007420311180269244	7.395691236000677e-06	0.0	0.0	0.0	0.0	0.0	0.0	0.0	0.0	0.0	0.0	0.0	0.0	0.0	0.0	0.0	0.0	0.0	0.0	0.0	0.0	0.0	0.0
PFF_Colon_32	0.14731924180679282	-0.13251696848906638	-0.05824126120325898	0.12701438200858156	-0.08097865815136895	0.09595706746217175	-0.07611618816201918	-0.0352442343334314	-0.02742974422979902	0.04859679854522277	-0.047049665500738844	-0.0167476823866085	-0.016154469509921974	0.07043274513121106	0.08094354284520086	0.013882276688962513	0.07339431857117011	0.0033605271104649986	0.0013554888580635434	0.031448898467004334	-0.049756022250427	0.007619821519514871	0.019313337431572167	-0.00923824461377591	-0.021446265059184386	-0.03324184557852059	0.0012599297124031752	0.0020677464024932645	-0.01998026006158734	0.032415558090969084	0.011915121512976712	0.022589161723274197	-0.00542873363820086	0.009792133052793361	0.0009837907795270688	-0.007820419044047568	-0.001969107914136106	-0.004396025969842753	0.0	0.0	0.0	0.0	0.0	0.0	0.0	0.0	0.0	0.0	0.0	0.0	0.0	0.0	0.0	0.0	0.0	0.0	0.0	0.0	0.0	0.0
PFF_Colon_35	0.024842150417389686	-0.11262515149041669	-0.3017057252270358	0.07718764579645748	-0.07474102754132446	0.006580216012003054	-0.15199615644780573	0.07319378256586385	-0.08433999791404177	-0.0920679967379787	0.08804783636721736	0.01915580729864549	-0.003261631613440361	0.02969691280897674	0.03724910375409203	-0.02182132328017821	-0.03767586736622982	0.05426785638562449	0.004766320181333275	0.017912652973355675	-0.013614059978287602	-0.030112684918677683	-0.021596132136742666	-0.00881363393765279	0.02103625700514334	-0.009937814791886336	0.0023911023150141705	0.00863129518841513	-0.001785413325668972	-0.02532776437144101	-0.036439611412990264	-0.011276196395475287	0.009304646702903813	0.0023981990895185837	-0.015823900140708686	0.013262124152426242	-0.006694205818174198	-0.008495301476309234	0.0	0.0	0.0	0.0	0.0	0.0	0.0	0.0	0.0	0.0	0.0	0.0	0.0	0.0	0.0	0.0	0.0	0.0	0.0	0.0	0.0	0.0
PFF_Colon_36	-0.0019765935672379224	-0.1728947149712421	-0.3529006895814932	0.252224477003642	0.0462628606433016	-0.07327131239243437	0.028796050988232198	0.032925505095254604	0.04503580258077619	0.1773718280120338	-0.04633259083081152	-0.09008062346211304	-0.0035931702945557046	-0.04335887628463286	-0.04909398387427273	0.013716097641446824	-0.020809447682825104	-0.004687239586667004	0.022169795807221053	-0.014794253301960802	-0.0113524179613244	0.0257096612779559	0.020287853148646125	0.008916109545945601	-0.011086250978881957	0.00504613776415639	0.027187074905747812	0.011465309818867396	-0.0013276307178197648	-0.001894889971660781	-0.009487682731300575	0.012364447181861339	0.008035434357598216	-0.005763202271884239	0.020034527049677425	0.0059875723828449745	0.00290856505853778	0.004608683415781329	0.0	0.0	0.0	0.0	0.0	0.0	0.0	0.0	0.0	0.0	0.0	0.0	0.0	0.0	0.0	0.0	0.0	0.0	0.0	0.0	0.0	0.0
PFF_Colon_37	0.09806121811719959	0.16596091404539334	-0.03435626376673177	-0.06882997659005874	0.026709130789269057	-0.07188659096400477	-0.10746714597743275	-0.029016082300673467	0.039085761074390074	0.019223795619434405	0.042343775582376376	-0.03500946283808236	0.01249560903947694	0.003708806227192969	0.009895213602938527	-0.04577623585871284	-0.013419480724055717	0.03390448071147715	0.016541196350640816	-0.004755354888478043	0.04359510476286911	0.05546834858635198	-0.05034725778912338	0.01623418377739567	0.006511428828455489	-0.029498656251053766	-0.021443802347275127	-0.005005764216249005	-0.02364482857034793	0.006856229338264087	0.01419299665991114	-0.016475071883619515	0.015247255952041157	0.02323019325322342	0.019514689804580425	-0.006809738861476141	0.006005732272386561	-0.01798919392138936	0.0	0.0	0.0	0.0	0.0	0.0	0.0	0.0	0.0	0.0	0.0	0.0	0.0	0.0	0.0	0.0	0.0	0.0	0.0	0.0	0.0	0.0
PFF_Baseline_11	-0.06234139264347514	0.036060310156676614	-0.03581980857957354	0.039375848074202864	-0.14656959542912093	-0.0197085465858126	0.10192887117153394	-0.09054496642145199	0.030545007434220183	-0.07092550588446536	-0.011966388121571227	-0.014202699907679691	0.08479463083131028	-0.025297016349214906	0.006795562215668703	0.023066873887824052	0.038425155166990146	0.00874756187193199	-0.01805471347754926	-0.010638490822329594	-0.0067242391465345405	0.04669601939704056	-0.021332036781803763	0.02383631006067175	-0.04047737121266168	0.020007269129062744	-0.008446441529340513	0.015075039027009228	-0.031167917020571343	0.04013816966936064	-0.038944079709379145	-0.005900216890439251	0.004336198989069701	0.028719863506138164	-0.017945658507423946	-0.01576518214485984	0.007617628778237158	-0.003579224603827591	0.0	0.0	0.0	0.0	0.0	0.0	0.0	0.0	0.0	0.0	0.0	0.0	0.0	0.0	0.0	0.0	0.0	0.0	0.0	0.0	0.0	0.0
PFF_Baseline_12	-0.192670247479298	-0.0761213357949312	0.1132284092991297	0.01951744747840958	-0.08110085377804195	-0.012053538782651427	0.10527535407048323	0.06026981320604385	0.02673987104778026	-0.03984344085511744	-0.01699375515120742	-0.04718324189933273	-0.03623429648419906	0.0021705562632590007	-0.03664626924502074	0.006835602779799029	-0.01799805145432103	0.01750941446371407	0.07521065613357977	0.03787926945309658	-0.04162725712612332	-0.0476162151355008	-0.022084663699482254	0.001175615465981403	0.01192138312666164	-0.022086924333136387	0.010206227405702688	-0.015056959973695484	-0.0010109675758855998	-0.03849536816163678	0.02084854877567189	0.004617950524046834	0.02703963650857901	0.014486266684353308	0.0011114738156890044	-0.029940292665322152	-0.011956706437551827	2.5801619052486365e-05	0.0	0.0	0.0	0.0	0.0	0.0	0.0	0.0	0.0	0.0	0.0	0.0	0.0	0.0	0.0	0.0	0.0	0.0	0.0	0.0	0.0	0.0
PFF_Baseline_13	-0.26385769496937483	-0.043838333615727074	0.12983713921830545	0.010347290634170335	-0.010280900786527856	-0.043912659444855714	0.15016250493509767	0.11482373812355115	-0.050259724444130106	0.01702513260151236	-0.05189073597137067	-0.049372645504240247	0.018859303762652435	-0.07263669665515515	0.0256714854736241	-0.039220622831589724	0.07412870531342895	0.06001784919110988	0.04069933385555028	0.00752941732013913	0.028699491383305693	0.0006045518293736041	-0.008523544947296437	-0.014552393797448122	0.019712006205931432	0.02945286750617387	-0.0012640297416493657	0.022148898158103315	-0.008909788110729535	0.019686015437703708	-0.018355306545575063	-0.005573112082972927	-0.004469296892881803	-0.01131188426718902	-0.007041442583734795	0.0010479236669096942	-0.004468878910001783	0.0041793893617383185	0.0	0.0	0.0	0.0	0.0	0.0	0.0	0.0	0.0	0.0	0.0	0.0	0.0	0.0	0.0	0.0	0.0	0.0	0.0	0.0	0.0	0.0
PFF_Baseline_14	-0.23614460970351264	0.08599883029984455	-0.06973774184390075	-0.027311396891437814	-0.06771725286154857	0.05420133184508384	0.009687780822559418	0.02134175589714344	0.016751353443604497	-0.02359593913307348	0.02373281855605131	-0.09240019321689846	-0.09362813352258328	-0.03866044541321656	0.0024616676991129965	-0.05397861995559871	0.08520600359459767	0.02192764949202957	0.03390028309851954	-0.015716062522934747	-0.014828944856333386	-0.011935421530001695	0.0015219054532156758	-0.0030380556156684325	0.032719261490433776	0.018104383268091856	0.011777514062600627	-0.02871105199869757	-0.04145679865738723	0.01133087821755281	0.005341130123387343	-0.016940212157442226	-0.01608645489736753	-0.0054607809388207505	0.019066956075885547	0.014060835424075603	-0.0007135560182526823	-0.009694946021569398	0.0	0.0	0.0	0.0	0.0	0.0	0.0	0.0	0.0	0.0	0.0	0.0	0.0	0.0	0.0	0.0	0.0	0.0	0.0	0.0	0.0	0.0
PFF_Baseline_15	-0.06287329210291902	0.013679161629071129	0.06477768507194659	-0.00831371646583412	-0.11483474270366206	0.04138699330145215	0.010687541604595665	-0.048413041346559944	0.05112419693442566	-0.009331700110671215	0.025037159401249134	-0.054619227775969476	0.009249942765434052	0.007604112719301299	0.0627821226521367	0.001050084101690345	-0.01187251088589465	-0.014914050198375032	-0.015406670000485671	-0.026106577868192638	0.01280456839464662	-0.014653807726810318	-0.025920849441279026	-0.030055137038563034	-0.023678701677923363	0.04253934444899684	-0.0005578404684708481	-0.012438825764601513	0.037676437834934934	-0.04750339809792758	-0.007001922231327567	0.008396205092461988	-0.01489038402482965	0.026425523994469284	0.010167641125556567	0.008817601613162553	-0.0021241447812056476	0.0022580845454714823	0.0	0.0	0.0	0.0	0.0	0.0	0.0	0.0	0.0	0.0	0.0	0.0	0.0	0.0	0.0	0.0	0.0	0.0	0.0	0.0	0.0	0.0
PFF_Baseline_16	-0.19734629533208414	0.03566435371472049	-0.004767728809878607	-0.008826144299837016	-0.059507973441116684	0.08366709363530211	0.09041677884511909	0.04149989464727857	0.052352934194705096	-0.032910835998355474	0.0434871787501294	-0.001286845093235552	-0.027933656457851293	0.053994782692761034	-0.011676002120693304	0.04513953489952017	0.017294106763086174	-0.005482267071254594	-0.01868872289277769	0.012633563991865345	-0.029264615219812988	0.030853801387020208	-0.0037760571403956103	-0.016769922187691667	-0.07632284059776757	0.01374351519487522	-0.01006502928699019	0.04082574258964951	-0.022141142031674516	-0.023107798908006533	-0.00746323818169351	0.010251477860473868	0.00841164619194672	-0.015193621385946472	0.006638514715202039	0.000352102943101782	-0.01990190919082252	-0.00828284297743643	0.0	0.0	0.0	0.0	0.0	0.0	0.0	0.0	0.0	0.0	0.0	0.0	0.0	0.0	0.0	0.0	0.0	0.0	0.0	0.0	0.0	0.0
PFF_Baseline_17	-0.1640654178708048	-0.0683594472851369	0.1405746309127248	-0.0589660900904087	-0.007819991291880341	0.07666168061951528	-0.03840335447459345	0.04933891999264183	0.028560918712174352	0.029433399109658243	0.017902345411025023	-0.021290009122293056	0.014195925608930456	-0.004116874574954852	-0.002527555605823322	-0.0005382161981897262	-0.04484334008210598	0.0184208096738848	-0.014330576569213032	-0.005495116950214296	0.05294464052718912	-0.010549762458055719	0.0059775300608454615	0.04653636775301186	0.007950755283341857	-0.02480222191707936	0.027704893904362118	0.024893762379509098	0.03900627875896302	0.046105234167947894	-0.03565958107520489	0.005348573526816941	-0.01449216544352746	-0.021268537993210032	0.013642164494512757	-0.010285834889045187	-0.005598602447458702	-0.008685675781700259	0.0	0.0	0.0	0.0	0.0	0.0	0.0	0.0	0.0	0.0	0.0	0.0	0.0	0.0	0.0	0.0	0.0	0.0	0.0	0.0	0.0	0.0
PFF_Baseline_18	-0.19691843638400588	-0.011027562949409066	0.05850399172008572	0.04165862284573067	0.0034012707399503814	0.043195178893909426	-0.03275559922088592	-0.002198588157755898	-0.024568162953382076	-0.009876127741701522	0.023405395800443648	-0.01561958900453728	0.032805396646898945	0.02716946776037621	0.03310982726019965	0.016834782414659567	-0.020205134473583165	-0.02294422423194133	-0.008993424873886763	0.024678691577064652	0.04683867077470675	-0.05884969302577075	-0.007131684758256828	0.005399265442252308	-0.011363401171956321	-0.0243868688697186	-0.010226724028196767	0.007203449902602734	-0.016806909662480503	0.041270955911179186	0.02433159893317425	-0.01933265529588954	0.01276785698308864	0.00782175455672015	-0.0002007452244439855	0.03361523023941259	-0.01609733870534402	0.000190215093957944	0.0	0.0	0.0	0.0	0.0	0.0	0.0	0.0	0.0	0.0	0.0	0.0	0.0	0.0	0.0	0.0	0.0	0.0	0.0	0.0	0.0	0.0
PFF_Baseline_19	-0.2500969529960499	0.03398432109931434	0.044298757705401835	0.020998571274929177	0.06825494240283979	0.07362494426327647	0.05879135616044408	-0.03616774711782581	0.03701538668597596	0.04743026801662281	-0.0063751275049011985	-0.02447216113973362	-0.04955716321348212	0.04372308364097274	-0.008934794137051125	0.03990352246366864	-0.051008762444847956	-0.009334763263304721	0.030180240981100368	-0.0695493348150863	0.0026689918961839104	-0.02188334531308437	-0.01593136764236834	0.017769451611465568	-0.0070127984841695775	-0.023674121205060506	0.02844672555564901	-0.0076345686364211185	-0.004182399798888678	-0.04662288977922173	-0.0173083799064925	-0.007270641117506124	0.003148848307144483	0.007753375119416648	0.0008012226721025326	0.0018826999422829817	0.010920333613876244	-0.005424236773591144	0.0	0.0	0.0	0.0	0.0	0.0	0.0	0.0	0.0	0.0	0.0	0.0	0.0	0.0	0.0	0.0	0.0	0.0	0.0	0.0	0.0	0.0
PFF_Baseline_1921	-0.2775099296792715	0.014934829138761603	0.06269104731359962	-0.06288367169354084	0.10094106535565543	-0.1094431380382915	-0.08120469947282098	-0.05205418850135534	0.03385586555959983	-0.029809698797474415	0.004565520628036465	-0.06250494415699386	-0.0417987064033655	0.00379028048958359	0.02075814797324926	0.007349281283047877	-0.011883178915177046	-0.0009727381311114883	0.009286916009229127	-0.01590523107542989	0.003483883645805893	0.020286885603443317	0.046549369542763126	-0.04158525276374322	-0.009547281076959215	-0.010622055291908863	0.01816885565650337	0.029441038827719354	0.008744165701770262	0.003900586672958906	0.0036055397698848144	-0.03723957248534899	-0.018150013658039008	0.03134785225034253	0.018028818808720228	-0.0006444318304581354	-0.0009847765595139648	0.011342168745635298	0.0	0.0	0.0	0.0	0.0	0.0	0.0	0.0	0.0	0.0	0.0	0.0	0.0	0.0	0.0	0.0	0.0	0.0	0.0	0.0	0.0	0.0
PFF_Baseline_1937	-0.23357758509510565	0.06396947430280212	-0.15357165620405974	0.12342473230996652	0.05709292080121356	0.03204435499163038	0.02487656372975726	-0.09757921249122795	0.05007025136188355	-0.10836191433025297	-0.004214304767100398	0.0979495715882586	-0.02071424499433219	-8.220769130039007e-05	0.07657134357821758	0.06012153801818789	-0.014968802219493926	0.08930926412440024	0.05324646647013492	0.017130900773051405	0.02193349373419228	0.0009177685443259743	0.03902959413477782	0.019139754575767012	0.030281726333897037	-0.007128329401821342	-0.03159368385538157	0.007099305063495476	0.02570922036010091	0.017353849353711544	0.005027972423447812	0.00835192997392099	0.004404110290136285	-0.005928127945618059	0.014377300758165132	-0.02083104401935483	0.010132977512087719	0.007223504718931208	0.0	0.0	0.0	0.0	0.0	0.0	0.0	0.0	0.0	0.0	0.0	0.0	0.0	0.0	0.0	0.0	0.0	0.0	0.0	0.0	0.0	0.0
PFF_Baseline_1942	-0.28529470774000565	0.03776184177474708	-0.005845269177714305	0.07763827813908716	0.07023802141302712	0.05039336490625182	-0.03250195696773687	-0.03003902987911311	0.044559785561868084	0.103811432230709	0.007313821878602617	0.012466591619340458	0.0258032747931606	0.048617757835056556	-0.04087809595196553	-0.018877880374924997	0.021609241902489536	-0.04459725902627375	-0.02469574315507181	0.030110482971656163	-0.015418056146758044	-0.021142959580486734	-0.03723957620346905	0.00435496762674618	0.04806830961391424	0.049025830749225216	0.02428126156551878	0.020623983175282	-0.0011450748285140484	0.0145605246081563	0.0024956128091397703	-0.02803214986651653	0.00876251495361167	-0.0006579614644802298	-0.010103772749110005	-0.00981304584744652	0.002028657750960755	-0.00042928154439956904	0.0	0.0	0.0	0.0	0.0	0.0	0.0	0.0	0.0	0.0	0.0	0.0	0.0	0.0	0.0	0.0	0.0	0.0	0.0	0.0	0.0	0.0
PFF_Baseline_1943	-0.046136396198548715	-0.11486848561109139	0.1442740395350598	0.07311489991828639	-0.09433112094541322	-0.07802274089515764	-0.11499212433982268	-0.036962329694399415	0.05000902006363019	-0.04883017790532517	-0.0316953748908364	0.04654837575542008	0.03416206713349385	-0.058577673490928725	-0.0722577690468658	0.08579750626051794	-0.001920367955129095	-0.07227343057159628	-0.005495219966221236	0.07913101152282226	0.003045172637015845	0.025869459515281926	-0.019813130240331888	0.004823079450739223	0.007222092558706623	-0.027788790220441895	0.019114358162277596	-0.02499278667699664	-0.0342333916800512	-0.009950181924022593	-0.021686948239029412	-0.04035797349982405	0.0019277666747289555	-0.011417122102734894	0.011565113255226682	-0.0013849904894439862	0.004900189115039348	0.0014870695528725595	0.0	0.0	0.0	0.0	0.0	0.0	0.0	0.0	0.0	0.0	0.0	0.0	0.0	0.0	0.0	0.0	0.0	0.0	0.0	0.0	0.0	0.0
PFF_Baseline_1944	-0.01417167784478198	0.06933204037300521	0.07281489168878526	0.05323489704653563	-0.17928860056380386	-0.024429402739463583	0.0931298877101466	-0.09675025412014576	0.015462539067784432	-0.010936380105875975	-0.007647945731245127	0.045242873545217534	-0.009565124564377248	-0.02426680403291907	0.02305097154389342	-0.039168638779610354	-0.07581417826683837	-0.018528212358770824	0.0011526535250521981	-0.031234766117048125	-0.05021104563738063	0.00744161847307902	0.027047508373485723	0.01643541910357674	0.043171397548344315	-0.03398122296087109	-0.02526253705003187	0.023919781392063466	-0.01434961154719316	-0.016781998410899408	0.010706186649269698	-0.012912453888458847	-0.029682774511949676	-0.03420053995718976	0.00663050847490575	0.012694262094048796	-0.012246244037699045	-0.0029579377231210165	0.0	0.0	0.0	0.0	0.0	0.0	0.0	0.0	0.0	0.0	0.0	0.0	0.0	0.0	0.0	0.0	0.0	0.0	0.0	0.0	0.0	0.0
PFF_Baseline_1946	-0.2923080446959748	0.035852027859051463	0.022694509346216394	-0.012244459387790275	0.09443002197734561	-0.1156028100691821	-0.16084459120326305	-0.029645057700663325	0.06954914757511503	-0.058361971382920534	-0.036905679274456746	0.0086766095833012	-0.02511977112901879	0.014034488466801043	-0.013388645631275882	-0.03680944673066689	0.04285474901204267	-0.01931099747409652	0.0025273210847463036	-0.008449287540860675	0.015613841808563426	-0.018070257506546134	-0.0010494341796076917	-0.04461061371352939	-0.024238191264995188	-0.021319121542961374	-0.0210494608954521	-0.006880455718809593	0.015378482003764944	-0.0162667059191736	-0.016837097515488716	0.020739180015647975	0.023006046274800143	-0.01723300113569511	-0.00423744800634474	-0.00922542788504565	-0.004481675575366593	-0.008708603111782167	0.0	0.0	0.0	0.0	0.0	0.0	0.0	0.0	0.0	0.0	0.0	0.0	0.0	0.0	0.0	0.0	0.0	0.0	0.0	0.0	0.0	0.0
PFF_Baseline_25	-0.24904480466200232	-0.06871143271223759	0.11008654022447646	-0.02602589372298676	-0.031475791178413384	0.008690660494296674	-0.025839338324513222	0.16302897837639602	-0.03097910774301606	0.13718936678701346	0.0018355586367001316	0.06900161582154708	-0.05366263360480907	0.00283117865328395	0.06197781484318566	-0.02230841951162736	0.01428029851076824	0.03702369427950729	-0.07765311695700404	0.03224737228831867	0.025959426370299257	0.03746157177992723	0.023659631025334388	0.0020597080951149757	0.008679919432725431	-0.017469032969382514	0.002712479791864158	-0.01134525243687267	0.004489000667479956	-0.006348041218345378	-0.024254659957363308	0.008716198129484728	-0.011484787709201907	0.010701849598081915	0.0006887067266040417	-0.01012670712296429	-0.0029615534423333987	0.0002502109442428651	0.0	0.0	0.0	0.0	0.0	0.0	0.0	0.0	0.0	0.0	0.0	0.0	0.0	0.0	0.0	0.0	0.0	0.0	0.0	0.0	0.0	0.0
PFF_Baseline_26	-0.15320482868534435	-0.028032399724515815	-0.010352089727460616	0.06154451179330582	-0.15265275655757357	-0.0008959845218968371	-0.07223263658962281	0.03916887668567146	0.017952414334025023	-0.035418202860045725	0.027137660802994002	0.06844687418680999	-0.03849870960879919	0.0322881034450558	0.02281530743781373	-0.053533321004446695	0.0028656825319187105	-0.024679089948364423	-0.025896825286230114	-0.05867514744244043	0.02391407078303704	-0.03657213132256637	-0.02601880704121675	0.0488105088871775	-0.04311308404458361	0.02484864894792592	0.03404465597436224	0.005049855653977698	0.01322679312493775	0.0006741824449484732	0.02234781970744188	0.006712321963178657	0.012506595615565705	0.0006742313198057499	0.01526985131797151	-0.010547258921407138	0.008242471946953368	0.007094361335122949	0.0	0.0	0.0	0.0	0.0	0.0	0.0	0.0	0.0	0.0	0.0	0.0	0.0	0.0	0.0	0.0	0.0	0.0	0.0	0.0	0.0	0.0
PFF_Baseline_27	-0.26210821205978435	-0.009135515960189439	0.0024136535331122752	0.05058236605596799	0.03887871678463347	0.03523794229136641	-0.005381363522875762	0.035975355796204936	0.1191860764564387	0.028994992474728903	0.0823024388788148	0.0531188107211547	0.09378287780837201	-0.024722429814133792	0.004247769878973254	-0.033947212759398715	-0.0411785539808602	0.0336300100889503	-0.051306894515936105	-0.02834684021990489	-0.03682669321903244	0.0019210788189540954	-0.04717617539121609	-0.06422393864982635	0.021986274008348024	0.011006321005561167	-0.014621411273793817	-0.045640328117870436	-0.0347754683920661	0.023240675224276586	0.026022145986035767	0.02670573861175685	-0.008786157951265573	-4.244666391678009e-05	0.0019718145212332706	0.001445608812299	0.003830301845435368	0.014171356529042627	0.0	0.0	0.0	0.0	0.0	0.0	0.0	0.0	0.0	0.0	0.0	0.0	0.0	0.0	0.0	0.0	0.0	0.0	0.0	0.0	0.0	0.0
PFF_Baseline_28	-0.13990236445503865	-0.08580834564703944	0.0829959760461081	0.06081109354145926	-0.08281364632285225	0.025789145830211493	0.032211098304994724	0.04721040476054034	0.07662460446556331	-0.05677648388181473	0.03989288281607229	0.07025573220127104	0.01923172930302768	0.022861885019535094	-0.05257935334523841	0.0028956197591570878	-0.04100536678277257	0.021594493796152678	0.03663898763299052	-0.026365983670229718	0.0013122115756751302	0.047484082435608706	0.050290087294751255	-0.027743356326488503	0.01894405099455145	0.027319210464091116	0.02623269745512086	0.008285787188817067	0.012178407177638089	0.014577548485528044	0.0291860468221735	0.0027767055594309143	0.01937343640703437	-0.0022129010468493727	-0.011313307586223979	0.022573601332367816	0.019872508790838572	-0.013083932980674862	0.0	0.0	0.0	0.0	0.0	0.0	0.0	0.0	0.0	0.0	0.0	0.0	0.0	0.0	0.0	0.0	0.0	0.0	0.0	0.0	0.0	0.0
PFF_Baseline_30	-0.2060845699131209	0.056066118913694514	-0.06957769751586636	0.028176859744200155	-0.1745177310419341	-0.07342085202186445	0.04458019286634724	0.0003403730928603833	-0.051575354407859104	-0.023555450029567358	0.050760358427943575	-0.053212276307552736	-0.03527768447734053	0.009206145701530265	-0.023785134627940956	0.0075034250308711	-0.021731672833994454	-0.0741092906645777	-0.007212983056684775	0.014731052580055472	-0.0001976036099027724	-0.02740688094559762	0.012655348411341832	-0.037007016480507526	0.007217414589869168	-0.021159784017315626	-0.02701188987752784	-0.007753681411920521	0.023463750611397292	0.03386392323441785	-0.03737815359524732	0.006554966441359851	0.010727754880607005	0.0025437756900165177	-0.005584639171109375	0.005851212854188601	0.009623203508168001	0.024763995799366122	0.0	0.0	0.0	0.0	0.0	0.0	0.0	0.0	0.0	0.0	0.0	0.0	0.0	0.0	0.0	0.0	0.0	0.0	0.0	0.0	0.0	0.0
PFF_Baseline_32	-0.30225991565993643	0.07120066804849336	-0.020592355479579022	0.12755347514502965	0.09371653239221961	-0.013680878153008466	0.06871505684427417	-0.08426078583808537	-0.014056099654699002	0.007093160966636624	-0.07041852484064377	0.04214510511369162	0.045410233130574636	-0.00757549497903193	-0.03249012842572546	-0.03595998993181243	0.022580585267065245	0.02719743399652462	0.010627445504311219	-0.007800109697774753	0.014003345476544467	-0.016645647785709122	0.0012553812157729174	0.013782677779293137	-0.03986119466515485	0.002079440684821275	0.018182486323838832	-0.011191625413526071	0.036514874937921736	0.007606624217741778	0.013200742256622974	-0.024776520917302983	-0.0150306090896337	0.008893525314153642	-0.04179746661784234	-0.0016831927121172356	-0.00803842996283516	-0.009150083450907433	0.0	0.0	0.0	0.0	0.0	0.0	0.0	0.0	0.0	0.0	0.0	0.0	0.0	0.0	0.0	0.0	0.0	0.0	0.0	0.0	0.0	0.0
PFF_Baseline_35	-0.24867164606796932	0.05102237313737288	-0.01728024271708273	-0.005135877508906072	0.012795214198197945	-0.0737914630404647	-0.015483103069535441	-0.030893171854611615	-0.06054868753455667	-0.020160274548331445	-0.0036604195074506594	-0.08186845229951967	0.0006529263431049134	-0.014507163163197676	0.09323544959462644	0.022686079613602188	-0.019783371669398857	-0.02860551483473035	-0.06713854450170079	0.014827665751998927	-0.017593564514059606	0.017300748212383237	0.01168750569907382	0.03570708687886212	-0.017220468309932103	-0.007576784196109105	0.03394131947316245	0.0018235496493135812	-0.024536265596933924	-0.018292866982399687	0.04590286581820907	0.00665469719825061	-0.005543698223067789	-0.028765641679930225	-0.01714794205991472	-0.022007924587960505	0.015299402111831157	0.004772571892630703	0.0	0.0	0.0	0.0	0.0	0.0	0.0	0.0	0.0	0.0	0.0	0.0	0.0	0.0	0.0	0.0	0.0	0.0	0.0	0.0	0.0	0.0
PFF_Baseline_36	-0.3222997600274093	0.08688880984047631	0.004561844211277092	0.1221145307662737	0.09143076511973136	0.0137608103917062	0.08744882874612153	-0.06963975186008178	-0.03833916020613669	0.0114520635946941	-0.051277470026367705	0.04155385875396782	0.024288791301352877	0.024719811598048317	-0.02438059570197942	-0.054059737823588465	-0.013449775017734525	-0.01754089853257736	-0.030346798954176944	0.022580907816003366	0.052642014241036296	0.00413966585973883	0.010354326575610234	0.018175698224755867	0.010526341907036161	-0.017601153612622645	-0.037459271812230154	-0.02504510712676852	-0.023021024348373914	-0.03132561389762217	-0.022626146667258137	0.02623570341096881	-0.008928318348128393	0.0037125727346926057	0.017407874978039098	0.008153933642616861	-0.011831572437037887	-0.0014680100624589252	0.0	0.0	0.0	0.0	0.0	0.0	0.0	0.0	0.0	0.0	0.0	0.0	0.0	0.0	0.0	0.0	0.0	0.0	0.0	0.0	0.0	0.0
PFF_Baseline_37	-0.25870045616666154	-0.003133017219684904	0.06958327033412587	-0.03932891019325133	0.02427938024295822	0.02501616728041212	-0.04981947644162631	0.0560870657116462	0.005317015484961205	0.03786315603389462	-0.02116908362763841	-0.03662226031455109	-0.017642512626395133	-0.04973432406500262	-0.020192374256973775	0.03216842177150526	-0.02452476194607734	0.00855792737493383	0.013896781598002199	0.06061287395684981	-0.06239495360796955	0.043929883536360466	-0.022440216078502478	0.035813119180502166	-0.01928167317509216	-0.01493080546141155	-0.04045566734872125	0.009397048359684882	0.03804442066107067	-0.02021092517499945	0.02699800872219281	0.02275352961789602	-0.008666596909726076	0.011699988702374093	-0.01744982506204638	0.0337748490019004	0.009979130387531225	-0.002002997285924065	0.0	0.0	0.0	0.0	0.0	0.0	0.0	0.0	0.0	0.0	0.0	0.0	0.0	0.0	0.0	0.0	0.0	0.0	0.0	0.0	0.0	0.0

Biplot	0	0

Site constraints	0	0
